Tumor_Sample_Barcode	Frame_Shift_Del	Frame_Shift_Ins	In_Frame_Del	In_Frame_Ins	Missense_Mutation	Nonsense_Mutation	Nonstop_Mutation	Splice_Site	Translation_Start_Site	total
TCGA-XK-AAIW-01	50	43	1	0	5609	336	0	103	6	6148
TCGA-KK-A59V-01	130	29	11	0	547	26	0	9	0	752
TCGA-J9-A52C-01	44	10	11	0	386	22	0	5	1	479
TCGA-EJ-7782-01	38	14	4	0	275	11	0	7	0	349
TCGA-HC-A4ZV-01	3	1	0	0	92	5	1	4	0	106
TCGA-XQ-A8TA-01	0	1	0	0	95	7	0	3	0	106
TCGA-CH-5769-01	6	2	0	0	89	6	0	1	1	105
TCGA-HC-8216-01	0	0	1	0	88	6	0	3	0	98
TCGA-KK-A5A1-01	5	5	1	0	70	6	0	4	0	91
TCGA-EJ-7125-01	0	1	0	0	78	4	0	3	0	86
TCGA-ZG-A9NI-01	1	1	0	0	69	5	1	4	0	81
TCGA-HC-7081-01	2	0	0	0	73	3	0	2	0	80
TCGA-CH-5754-01	2	0	2	0	68	4	0	1	0	77
TCGA-G9-6351-01	0	0	0	0	68	4	0	2	0	74
TCGA-EJ-5519-01	3	3	0	1	57	4	1	1	1	71
TCGA-EJ-5495-01	4	1	1	0	52	5	0	4	0	67
TCGA-EJ-A65F-01	1	1	2	1	56	2	0	2	0	65
TCGA-J9-A8CM-01	2	1	1	0	53	2	0	3	0	62
TCGA-QU-A6IM-01	3	0	0	0	54	3	0	2	0	62
TCGA-XJ-A9DX-01	3	4	0	0	48	5	0	0	0	60
TCGA-CH-5762-01	3	1	1	0	52	1	0	1	0	59
TCGA-EJ-5525-01	4	0	1	1	43	6	0	1	1	57
TCGA-EJ-7123-01	3	0	0	0	44	5	0	2	0	54
TCGA-EJ-7781-01	2	3	1	0	47	1	0	0	0	54
TCGA-YJ-A8SW-01	3	0	0	0	48	2	0	1	0	54
TCGA-ZG-A9KY-01	5	5	0	0	41	2	0	1	0	54
TCGA-HC-8265-01	5	1	0	0	40	4	0	2	0	52
TCGA-G9-6342-01	1	0	0	0	44	3	0	3	0	51
TCGA-V1-A9OH-01	7	0	0	0	41	3	0	0	0	51
TCGA-ZG-A8QY-01	5	0	1	0	39	2	0	4	0	51
TCGA-ZG-A9LB-01	0	0	1	0	46	3	0	0	0	50
TCGA-HC-7749-01	1	2	0	0	40	5	0	1	0	49
TCGA-YL-A9WH-01	1	0	0	0	42	3	0	3	0	49
TCGA-VP-A87D-01	2	0	1	0	40	4	0	1	0	48
TCGA-CH-5753-01	3	0	0	1	38	3	0	2	0	47
TCGA-EJ-A46G-01	1	1	0	0	40	3	0	2	0	47
TCGA-HC-7077-01	4	0	0	0	38	2	0	3	0	47
TCGA-KK-A59Z-01	1	1	1	0	43	1	0	0	0	47
TCGA-KK-A8ID-01	4	2	2	0	38	1	0	0	0	47
TCGA-CH-5737-01	3	1	1	0	39	0	0	2	0	46
TCGA-CH-5761-01	3	1	0	0	40	1	0	1	0	46
TCGA-G9-6377-01	0	1	0	0	41	2	1	1	0	46
TCGA-HC-A9TH-01	2	0	0	0	40	2	0	2	0	46
TCGA-ZG-A9N3-01	1	0	2	0	43	0	0	0	0	46
TCGA-CH-5772-01	1	0	0	0	37	6	0	1	0	45
TCGA-EJ-A7NM-01	0	0	1	0	39	4	0	0	1	45
TCGA-KK-A59X-01	3	1	0	0	37	2	0	2	0	45
TCGA-V1-A9OQ-01	2	1	0	0	37	3	1	1	0	45
TCGA-EJ-5530-01	0	0	0	0	40	4	0	0	0	44
TCGA-G9-6363-01	0	0	1	1	36	4	0	2	0	44
TCGA-HC-8259-01	2	1	0	0	38	3	0	0	0	44
TCGA-HC-A9TE-01	2	0	1	0	38	3	0	0	0	44
TCGA-EJ-8472-01	1	0	0	0	39	3	0	0	0	43
TCGA-FC-7961-01	2	3	0	0	34	2	0	2	0	43
TCGA-XK-AAIV-01	0	0	0	0	40	3	0	0	0	43
TCGA-EJ-8474-01	2	1	0	0	35	4	0	0	0	42
TCGA-J9-A8CL-01	0	0	0	0	36	5	0	1	0	42
TCGA-ZG-A9L5-01	1	1	0	0	36	3	0	1	0	42
TCGA-KK-A7AY-01	5	0	0	0	31	4	0	1	0	41
TCGA-EJ-5521-01	1	3	0	0	34	2	0	0	0	40
TCGA-VP-A879-01	1	0	1	0	36	2	0	0	0	40
TCGA-XK-AAJA-01	3	0	0	0	36	0	0	1	0	40
TCGA-CH-5768-01	0	0	0	0	36	3	0	0	0	39
TCGA-EJ-5504-01	0	0	0	0	36	3	0	0	0	39
TCGA-G9-6338-01	1	1	0	0	30	6	0	1	0	39
TCGA-J4-A83J-01	2	0	3	0	29	4	0	1	0	39
TCGA-KK-A8IB-01	1	0	1	0	34	3	0	0	0	39
TCGA-Y6-A9XI-01	1	1	0	0	35	1	0	1	0	39
TCGA-YL-A8SL-01	2	0	1	0	34	2	0	0	0	39
TCGA-2A-A8VT-01	0	0	0	0	33	4	0	1	0	38
TCGA-CH-5752-01	5	2	1	0	27	1	0	2	0	38
TCGA-EJ-7115-01	3	0	1	0	26	6	0	2	0	38
TCGA-G9-6339-01	0	0	0	0	34	3	0	1	0	38
TCGA-HC-8257-01	3	0	0	0	34	0	0	1	0	38
TCGA-HC-A6AL-01	2	1	0	0	32	1	1	1	0	38
TCGA-HI-7168-01	0	1	0	0	32	3	0	1	1	38
TCGA-KC-A7FD-01	3	0	0	0	30	3	0	2	0	38
TCGA-V1-A8WV-01	3	1	0	0	32	0	0	2	0	38
TCGA-YL-A8S8-01	1	2	0	0	27	7	0	1	0	38
TCGA-EJ-7783-01	1	0	0	0	33	1	0	2	0	37
TCGA-KK-A6E8-01	1	0	2	0	33	1	0	0	0	37
TCGA-KK-A8I9-01	2	0	0	0	32	2	0	1	0	37
TCGA-X4-A8KQ-01	2	1	0	0	30	3	0	1	0	37
TCGA-YL-A8SC-01	1	0	0	0	31	4	0	1	0	37
TCGA-CH-5791-01	1	0	2	0	31	1	0	1	0	36
TCGA-EJ-5511-01	1	2	0	0	30	1	0	2	0	36
TCGA-EJ-5524-01	0	0	0	0	35	0	0	1	0	36
TCGA-EJ-7330-01	1	0	0	0	29	2	0	4	0	36
TCGA-EJ-7784-01	1	3	0	0	27	4	0	1	0	36
TCGA-HC-7752-01	0	3	0	0	28	5	0	0	0	36
TCGA-KC-A7FA-01	1	3	0	0	28	3	0	1	0	36
TCGA-TK-A8OK-01	2	0	0	0	34	0	0	0	0	36
TCGA-V1-A9O5-01	3	0	2	0	28	2	0	1	0	36
TCGA-VP-A87B-01	0	0	0	0	33	2	0	1	0	36
TCGA-ZG-A9L0-01	3	0	0	0	30	2	0	1	0	36
TCGA-CH-5767-01	0	1	0	0	31	3	0	0	0	35
TCGA-HC-7738-01	1	0	1	0	30	2	0	1	0	35
TCGA-HC-8264-01	1	0	0	0	32	0	0	2	0	35
TCGA-J4-AATZ-01	0	1	0	0	34	0	0	0	0	35
TCGA-J9-A52D-01	3	0	2	0	28	2	0	0	0	35
TCGA-KK-A6E2-01	0	1	0	0	29	5	0	0	0	35
TCGA-YL-A9WI-01	2	0	0	0	32	1	0	0	0	35
TCGA-2A-A8W3-01	1	2	0	0	29	1	0	1	0	34
TCGA-CH-5739-01	0	0	0	0	30	3	0	1	0	34
TCGA-EJ-A65B-01	1	0	1	0	28	3	0	1	0	34
TCGA-EJ-A65D-01	0	1	0	0	30	1	1	0	1	34
TCGA-G9-7510-01	0	0	1	0	30	2	0	1	0	34
TCGA-KC-A4BV-01	1	3	0	0	28	1	1	0	0	34
TCGA-KK-A6E6-01	0	1	1	0	32	0	0	0	0	34
TCGA-TP-A8TV-01	2	0	0	0	30	0	0	2	0	34
TCGA-VN-A88P-01	2	0	1	0	29	2	0	0	0	34
TCGA-YL-A8HM-01	2	1	0	0	30	1	0	0	0	34
TCGA-CH-5748-01	0	0	0	0	31	1	0	1	0	33
TCGA-CH-5750-01	3	2	0	0	25	2	0	1	0	33
TCGA-CH-5764-01	1	0	0	0	28	2	0	1	1	33
TCGA-EJ-7314-01	4	0	0	0	25	3	0	1	0	33
TCGA-EJ-A8FN-01	1	1	0	0	28	2	0	1	0	33
TCGA-G9-6496-01	1	0	1	0	29	1	0	1	0	33
TCGA-G9-7525-01	2	0	1	0	28	1	0	0	1	33
TCGA-HC-7213-01	1	1	0	0	30	0	0	1	0	33
TCGA-KK-A7AQ-01	0	0	0	0	33	0	0	0	0	33
TCGA-YL-A8SQ-01	3	1	1	0	28	0	0	0	0	33
TCGA-ZG-A9L9-01	0	0	0	0	32	0	0	1	0	33
TCGA-ZG-A9LY-01	1	0	0	0	28	2	0	1	1	33
TCGA-CH-5792-01	3	0	0	0	26	3	0	0	0	32
TCGA-EJ-7317-01	2	0	0	0	28	1	0	1	0	32
TCGA-EJ-A7NN-01	0	0	0	0	30	1	0	1	0	32
TCGA-G9-6348-01	2	0	0	0	26	1	0	3	0	32
TCGA-G9-6361-01	1	0	0	0	26	3	0	2	0	32
TCGA-G9-6499-01	3	1	0	0	28	0	0	0	0	32
TCGA-G9-7519-01	3	1	0	0	26	2	0	0	0	32
TCGA-HC-7231-01	1	1	0	0	27	2	0	1	0	32
TCGA-HC-7744-01	1	1	0	0	30	0	0	0	0	32
TCGA-J9-A52B-01	2	0	0	0	23	5	0	2	0	32
TCGA-KK-A7AZ-01	1	2	0	0	25	3	0	1	0	32
TCGA-KK-A8I5-01	2	0	0	0	28	1	0	1	0	32
TCGA-V1-A9ZR-01	1	0	0	0	28	1	0	2	0	32
TCGA-XJ-A83H-01	1	0	2	0	26	1	0	2	0	32
TCGA-YL-A8SH-01	1	0	0	0	31	0	0	0	0	32
TCGA-ZG-A9LN-01	2	0	0	0	26	3	0	1	0	32
TCGA-EJ-5496-01	0	0	0	0	27	2	0	1	1	31
TCGA-EJ-5518-01	0	0	0	0	25	4	0	2	0	31
TCGA-EJ-A65E-01	1	0	0	0	28	1	0	1	0	31
TCGA-EJ-A65J-01	0	2	0	0	27	2	0	0	0	31
TCGA-G9-6369-01	0	0	1	0	29	1	0	0	0	31
TCGA-HC-A632-01	0	0	0	0	30	1	0	0	0	31
TCGA-KK-A6E3-01	2	1	0	0	27	1	0	0	0	31
TCGA-KK-A7AP-01	3	0	0	0	26	1	0	1	0	31
TCGA-KK-A8IA-01	1	2	0	0	27	1	0	0	0	31
TCGA-M7-A722-01	1	1	1	0	27	0	0	1	0	31
TCGA-V1-A8WW-01	0	0	0	0	27	3	0	1	0	31
TCGA-XK-AAJP-01	0	0	0	0	29	2	0	0	0	31
TCGA-YL-A8SO-01	1	1	0	0	26	3	0	0	0	31
TCGA-ZG-A9M4-01	2	0	1	0	23	4	0	1	0	31
TCGA-2A-A8VX-01	2	0	1	0	25	1	0	1	0	30
TCGA-EJ-5499-01	2	0	0	0	28	0	0	0	0	30
TCGA-EJ-7318-01	1	0	0	0	26	1	0	2	0	30
TCGA-EJ-7786-01	1	1	0	0	27	1	0	0	0	30
TCGA-EJ-7789-01	2	0	0	1	25	0	1	1	0	30
TCGA-EJ-A46F-01	3	0	1	0	23	3	0	0	0	30
TCGA-EJ-A65M-01	1	0	0	0	25	3	0	1	0	30
TCGA-G9-6333-01	0	1	0	0	27	1	0	1	0	30
TCGA-HC-7075-01	1	0	1	0	25	3	0	0	0	30
TCGA-HC-7080-01	1	1	1	0	24	3	0	0	0	30
TCGA-HC-7212-01	1	1	0	0	22	5	0	1	0	30
TCGA-HC-7742-01	1	0	1	0	27	1	0	0	0	30
TCGA-HC-7747-01	0	1	0	0	27	2	0	0	0	30
TCGA-HC-7820-01	2	0	1	0	24	3	0	0	0	30
TCGA-HC-A6AN-01	1	0	0	1	27	1	0	0	0	30
TCGA-HC-A76W-01	1	0	1	0	25	3	0	0	0	30
TCGA-J4-A83M-01	0	0	0	0	26	3	0	1	0	30
TCGA-KK-A8IG-01	1	0	0	0	26	3	0	0	0	30
TCGA-VN-A88Q-01	1	0	0	0	27	1	0	1	0	30
TCGA-YL-A8SK-01	2	0	0	0	26	2	0	0	0	30
TCGA-ZG-A9LM-01	1	0	1	0	21	7	0	0	0	30
TCGA-CH-5766-01	0	0	0	1	27	1	0	0	0	29
TCGA-CH-5788-01	1	0	0	0	27	1	0	0	0	29
TCGA-EJ-5507-01	1	0	0	0	25	2	0	1	0	29
TCGA-EJ-5531-01	2	1	0	0	22	3	0	1	0	29
TCGA-EJ-7321-01	2	0	0	0	25	2	0	0	0	29
TCGA-G9-6494-01	3	0	0	0	22	2	0	2	0	29
TCGA-HC-7233-01	1	0	0	0	25	2	0	1	0	29
TCGA-HC-A631-01	0	1	0	0	22	4	0	2	0	29
TCGA-HC-A6AP-01	0	1	0	0	26	2	0	0	0	29
TCGA-HC-A76X-01	1	0	0	0	25	2	0	1	0	29
TCGA-KC-A7F5-01	2	1	1	0	23	2	0	0	0	29
TCGA-KK-A6E4-01	1	0	0	0	25	3	0	0	0	29
TCGA-KK-A7B3-01	1	0	1	0	26	1	0	0	0	29
TCGA-KK-A8II-01	1	1	0	0	23	4	0	0	0	29
TCGA-M7-A721-01	0	0	0	0	28	1	0	0	0	29
TCGA-VN-A88O-01	0	1	1	0	24	2	0	1	0	29
TCGA-XJ-A83F-01	1	0	1	0	27	0	0	0	0	29
TCGA-YL-A8HJ-01	0	0	0	0	28	0	0	1	0	29
TCGA-YL-A9WY-01	0	0	0	0	29	0	0	0	0	29
TCGA-ZG-A9LZ-01	0	0	0	0	26	3	0	0	0	29
TCGA-CH-5751-01	1	0	0	0	26	1	0	0	0	28
TCGA-EJ-5526-01	2	0	1	0	22	0	0	3	0	28
TCGA-EJ-A8FS-01	2	1	0	0	21	4	0	0	0	28
TCGA-G9-6366-01	1	0	1	0	23	3	0	0	0	28
TCGA-HC-7078-01	0	0	0	0	27	1	0	0	0	28
TCGA-HC-7210-01	3	0	1	0	20	3	0	1	0	28
TCGA-HC-8262-01	0	0	0	0	24	3	0	1	0	28
TCGA-V1-A8MF-01	0	1	0	0	24	3	0	0	0	28
TCGA-V1-A9Z9-01	4	1	0	0	21	2	0	0	0	28
TCGA-VP-A87K-01	0	0	0	0	23	4	0	1	0	28
TCGA-VP-AA1N-01	2	0	2	0	23	1	0	0	0	28
TCGA-XK-AAJT-01	0	1	0	0	25	1	0	1	0	28
TCGA-YL-A8HO-01	1	0	0	0	23	3	0	1	0	28
TCGA-YL-A8S9-01	1	1	0	0	24	1	1	0	0	28
TCGA-ZG-A8QW-01	0	2	0	0	25	0	0	1	0	28
TCGA-ZG-A9MC-01	1	0	0	0	26	1	0	0	0	28
TCGA-2A-A8VO-01	3	0	0	0	22	2	0	0	0	27
TCGA-EJ-5494-01	1	0	0	0	24	1	1	0	0	27
TCGA-EJ-5498-01	0	0	0	0	26	1	0	0	0	27
TCGA-EJ-5505-01	1	0	0	0	25	1	0	0	0	27
TCGA-EJ-5527-01	3	0	1	0	21	1	0	1	0	27
TCGA-EJ-7327-01	4	1	0	0	20	0	0	2	0	27
TCGA-EJ-7788-01	1	0	0	0	25	1	0	0	0	27
TCGA-G9-6371-01	2	0	0	0	25	0	0	0	0	27
TCGA-HI-7171-01	0	0	0	0	23	2	0	2	0	27
TCGA-J4-A67M-01	2	0	0	0	22	2	0	1	0	27
TCGA-KK-A6DY-01	1	0	0	0	23	2	0	1	0	27
TCGA-KK-A7B0-01	1	0	0	0	22	4	0	0	0	27
TCGA-KK-A8IK-01	1	0	2	0	20	2	0	2	0	27
TCGA-KK-A8IL-01	1	0	0	0	26	0	0	0	0	27
TCGA-M7-A724-01	2	1	1	0	20	3	0	0	0	27
TCGA-V1-A9OL-01	0	0	0	0	22	4	0	1	0	27
TCGA-V1-A9ZI-01	3	0	2	0	19	2	0	1	0	27
TCGA-VP-A875-01	1	0	0	0	25	1	0	0	0	27
TCGA-VP-A878-01	3	0	0	0	21	2	0	1	0	27
TCGA-VP-A87H-01	2	2	0	0	23	0	0	0	0	27
TCGA-VP-A87J-01	0	0	0	0	24	3	0	0	0	27
TCGA-YL-A9WK-01	1	0	0	0	24	2	0	0	0	27
TCGA-ZG-A8QX-01	1	0	0	0	24	0	0	2	0	27
TCGA-CH-5765-01	0	0	1	0	21	3	0	1	0	26
TCGA-CH-5771-01	1	0	1	0	23	1	0	0	0	26
TCGA-EJ-5514-01	2	0	0	0	23	0	0	1	0	26
TCGA-FC-7708-01	1	1	1	0	20	1	0	2	0	26
TCGA-G9-6343-01	1	0	0	0	22	1	1	0	1	26
TCGA-H9-7775-01	1	0	0	0	23	2	0	0	0	26
TCGA-H9-A6BY-01	1	3	0	0	21	0	0	1	0	26
TCGA-HC-A8D0-01	1	0	1	0	21	3	0	0	0	26
TCGA-HI-7169-01	1	0	0	0	24	1	0	0	0	26
TCGA-J4-8198-01	1	0	0	0	23	1	0	1	0	26
TCGA-J4-A67K-01	2	0	0	0	23	1	0	0	0	26
TCGA-J4-AAU2-01	1	2	0	0	21	2	0	0	0	26
TCGA-J9-A8CP-01	1	1	0	0	22	1	0	1	0	26
TCGA-M7-A725-01	0	0	0	0	24	1	0	1	0	26
TCGA-QU-A6IO-01	1	0	0	0	25	0	0	0	0	26
TCGA-V1-A9O9-01	3	0	0	0	20	0	0	2	1	26
TCGA-V1-A9Z8-01	3	1	1	0	19	1	0	1	0	26
TCGA-Y6-A8TL-01	0	1	0	0	22	3	0	0	0	26
TCGA-YL-A8SJ-01	0	1	0	0	23	2	0	0	0	26
TCGA-ZG-A9L6-01	1	0	0	0	24	0	0	1	0	26
TCGA-2A-A8VV-01	0	0	0	0	22	2	0	1	0	25
TCGA-4L-AA1F-01	2	0	0	0	18	5	0	0	0	25
TCGA-EJ-8469-01	0	1	0	0	23	0	0	1	0	25
TCGA-FC-A6HD-01	2	0	1	0	22	0	0	0	0	25
TCGA-G9-6362-01	0	0	0	0	22	3	0	0	0	25
TCGA-HC-7745-01	0	0	0	0	24	0	0	1	0	25
TCGA-HC-A6AO-01	0	0	0	0	23	1	0	1	0	25
TCGA-HI-7170-01	1	1	1	0	18	2	0	2	0	25
TCGA-KK-A7AW-01	0	0	0	0	21	2	0	2	0	25
TCGA-KK-A7B4-01	1	1	0	0	21	2	0	0	0	25
TCGA-KK-A8IM-01	2	0	0	0	18	3	0	2	0	25
TCGA-V1-A8WL-01	0	0	0	0	23	1	0	1	0	25
TCGA-V1-A9Z7-01	1	2	0	0	20	0	0	2	0	25
TCGA-VP-A872-01	1	3	0	0	20	1	0	0	0	25
TCGA-WW-A8ZI-01	0	0	0	0	24	0	0	1	0	25
TCGA-YL-A8SB-01	3	0	0	1	19	2	0	0	0	25
TCGA-YL-A8SR-01	1	1	0	0	21	2	0	0	0	25
TCGA-ZG-A8QZ-01	1	0	0	0	22	2	0	0	0	25
TCGA-ZG-A9L2-01	1	3	0	0	20	1	0	0	0	25
TCGA-ZG-A9ND-01	5	0	0	0	18	2	0	0	0	25
TCGA-CH-5745-01	1	0	0	0	23	0	0	0	0	24
TCGA-EJ-7218-01	0	0	0	0	21	3	0	0	0	24
TCGA-EJ-7797-01	1	0	0	0	21	2	0	0	0	24
TCGA-FC-A4JI-01	1	0	1	0	21	1	0	0	0	24
TCGA-FC-A5OB-01	1	1	0	0	19	2	0	1	0	24
TCGA-G9-6365-01	0	0	1	0	21	0	0	2	0	24
TCGA-G9-A9S0-01	1	0	0	0	20	2	0	1	0	24
TCGA-HC-7818-01	2	0	0	0	21	1	0	0	0	24
TCGA-HC-7819-01	2	1	1	0	20	0	0	0	0	24
TCGA-J4-A67L-01	0	0	0	0	21	3	0	0	0	24
TCGA-J4-A6G3-01	3	0	0	0	18	0	0	3	0	24
TCGA-KK-A6E7-01	0	2	0	0	22	0	0	0	0	24
TCGA-KK-A8IF-01	1	0	1	0	21	1	0	0	0	24
TCGA-KK-A8IJ-01	3	0	0	0	20	0	0	1	0	24
TCGA-M7-A71Z-01	1	1	0	0	22	0	0	0	0	24
TCGA-XK-AAIR-01	1	1	0	0	21	0	0	1	0	24
TCGA-XK-AAJR-01	4	1	0	0	15	2	0	2	0	24
TCGA-XQ-A8TB-01	1	0	2	0	21	0	0	0	0	24
TCGA-YL-A8SA-01	1	0	0	0	22	1	0	0	0	24
TCGA-YL-A9WL-01	0	0	0	0	21	0	0	3	0	24
TCGA-ZG-A9L1-01	2	1	0	0	19	1	0	0	1	24
TCGA-ZG-A9L4-01	0	0	0	0	21	2	0	1	0	24
TCGA-2A-A8W1-01	0	0	0	0	23	0	0	0	0	23
TCGA-CH-5794-01	0	1	1	0	20	1	0	0	0	23
TCGA-EJ-5516-01	0	0	0	0	21	2	0	0	0	23
TCGA-EJ-7328-01	0	1	0	0	21	1	0	0	0	23
TCGA-G9-6329-01	0	0	0	0	20	3	0	0	0	23
TCGA-G9-6356-01	0	1	0	0	16	3	0	3	0	23
TCGA-HC-7232-01	0	0	0	0	23	0	0	0	0	23
TCGA-HC-A6AS-01	0	0	0	0	18	4	0	1	0	23
TCGA-HC-A6HY-01	0	0	0	0	19	3	0	1	0	23
TCGA-HC-A8CY-01	0	1	0	0	21	1	0	0	0	23
TCGA-J4-A83K-01	1	0	0	0	21	1	0	0	0	23
TCGA-KC-A7F3-01	0	1	1	0	20	1	0	0	0	23
TCGA-KK-A59Y-01	1	0	0	1	19	2	0	0	0	23
TCGA-KK-A8I6-01	0	0	0	0	21	1	0	1	0	23
TCGA-TP-A8TT-01	1	1	0	0	19	1	0	1	0	23
TCGA-V1-A8MG-01	1	0	0	0	22	0	0	0	0	23
TCGA-V1-A8WS-01	0	0	0	0	22	1	0	0	0	23
TCGA-V1-A9ZG-01	1	0	0	0	21	1	0	0	0	23
TCGA-2A-A8VL-01	0	0	0	0	19	1	0	1	1	22
TCGA-EJ-5542-01	1	0	0	0	20	0	0	1	0	22
TCGA-EJ-7315-01	0	1	0	0	18	1	0	1	1	22
TCGA-EJ-7331-01	2	0	0	0	19	0	0	1	0	22
TCGA-G9-6378-01	0	1	1	0	19	0	0	1	0	22
TCGA-G9-A9S7-01	0	0	0	0	21	0	0	1	0	22
TCGA-HC-7748-01	1	0	0	0	21	0	0	0	0	22
TCGA-HC-8266-01	1	0	0	0	20	1	0	0	0	22
TCGA-KK-A6E1-01	0	2	0	0	19	1	0	0	0	22
TCGA-MG-AAMC-01	1	0	0	0	20	1	0	0	0	22
TCGA-V1-A8X3-01	0	0	0	0	18	4	0	0	0	22
TCGA-V1-A9O7-01	1	0	0	0	19	1	0	1	0	22
TCGA-V1-A9ZK-01	2	0	0	0	17	3	0	0	0	22
TCGA-VN-A88K-01	0	0	0	0	20	2	0	0	0	22
TCGA-VN-A88N-01	1	0	0	0	19	1	0	1	0	22
TCGA-VN-A88R-01	1	0	0	0	16	3	0	2	0	22
TCGA-VN-A943-01	0	0	0	0	20	0	0	2	0	22
TCGA-X4-A8KS-01	0	1	0	0	20	0	0	1	0	22
TCGA-YL-A9WJ-01	0	0	1	0	18	3	0	0	0	22
TCGA-2A-AAYU-01	1	0	0	0	19	1	0	0	0	21
TCGA-CH-5740-01	2	0	0	0	16	1	0	2	0	21
TCGA-CH-5741-01	0	1	0	0	14	5	0	1	0	21
TCGA-CH-5744-01	1	0	0	0	19	0	1	0	0	21
TCGA-EJ-8468-01	1	1	0	0	17	1	0	1	0	21
TCGA-EJ-A6RC-01	0	0	0	0	19	1	1	0	0	21
TCGA-G9-6354-01	0	0	0	0	19	1	0	1	0	21
TCGA-G9-6364-01	2	1	0	0	18	0	0	0	0	21
TCGA-G9-6379-01	1	0	0	0	20	0	0	0	0	21
TCGA-G9-6384-01	1	0	0	0	18	2	0	0	0	21
TCGA-HC-7211-01	0	1	0	0	20	0	0	0	0	21
TCGA-HC-7821-01	0	0	0	0	20	1	0	0	0	21
TCGA-HC-8256-01	1	0	1	0	19	0	0	0	0	21
TCGA-HC-A6HX-01	0	1	0	0	17	2	0	1	0	21
TCGA-HC-A8D1-01	0	0	0	0	21	0	0	0	0	21
TCGA-J4-A67N-01	1	1	0	0	18	0	0	1	0	21
TCGA-J4-A83I-01	0	2	0	0	18	0	0	1	0	21
TCGA-J9-A52E-01	0	0	0	0	20	1	0	0	0	21
TCGA-KC-A7F6-01	1	0	0	0	20	0	0	0	0	21
TCGA-V1-A8MU-01	2	2	0	0	15	1	0	1	0	21
TCGA-V1-A9OT-01	0	1	1	0	18	0	0	1	0	21
TCGA-YL-A8SI-01	1	0	0	0	19	1	0	0	0	21
TCGA-2A-AAYO-01	2	1	0	0	16	0	0	1	0	20
TCGA-EJ-5508-01	0	0	1	0	19	0	0	0	0	20
TCGA-EJ-8470-01	1	0	0	0	16	3	0	0	0	20
TCGA-G9-6373-01	0	1	0	0	19	0	0	0	0	20
TCGA-G9-7509-01	0	0	2	0	16	0	0	2	0	20
TCGA-G9-7521-01	0	0	0	0	19	1	0	0	0	20
TCGA-HC-7230-01	0	0	0	0	18	1	0	1	0	20
TCGA-HC-8261-01	0	0	0	0	17	3	0	0	0	20
TCGA-HC-A6AQ-01	1	0	0	0	19	0	0	0	0	20
TCGA-J9-A8CK-01	1	0	0	0	18	0	0	1	0	20
TCGA-KC-A4BN-01	0	0	0	0	19	0	0	1	0	20
TCGA-KK-A6E0-01	4	0	2	0	13	1	0	0	0	20
TCGA-KK-A8IH-01	2	1	2	0	14	1	0	0	0	20
TCGA-QU-A6IL-01	2	0	1	0	16	1	0	0	0	20
TCGA-QU-A6IN-01	0	0	0	0	19	1	0	0	0	20
TCGA-SU-A7E7-01	1	0	0	0	18	0	0	1	0	20
TCGA-VP-A876-01	0	0	0	0	19	1	0	0	0	20
TCGA-VP-A87C-01	1	1	0	0	17	0	0	1	0	20
TCGA-YL-A8SP-01	0	0	0	0	19	1	0	0	0	20
TCGA-CH-5790-01	0	0	0	0	18	1	0	0	0	19
TCGA-EJ-5509-01	0	0	0	0	18	1	0	0	0	19
TCGA-EJ-5510-01	1	0	0	0	17	1	0	0	0	19
TCGA-EJ-5517-01	3	0	0	0	16	0	0	0	0	19
TCGA-EJ-A65G-01	0	0	0	0	17	2	0	0	0	19
TCGA-EJ-A7NH-01	0	0	0	0	15	3	0	1	0	19
TCGA-G9-6332-01	0	0	0	0	18	0	0	1	0	19
TCGA-G9-6498-01	1	1	0	0	17	0	0	0	0	19
TCGA-HC-7736-01	3	0	0	0	15	1	0	0	0	19
TCGA-KK-A6E5-01	3	0	0	0	14	1	0	1	0	19
TCGA-KK-A8I4-01	2	0	0	0	16	1	0	0	0	19
TCGA-V1-A9OX-01	0	0	1	0	18	0	0	0	0	19
TCGA-VP-A87E-01	0	0	0	0	18	1	0	0	0	19
TCGA-XJ-A83G-01	1	0	1	0	17	0	0	0	0	19
TCGA-EJ-5532-01	3	0	0	0	15	0	0	0	0	18
TCGA-HC-7737-01	0	1	0	0	17	0	0	0	0	18
TCGA-HC-8258-01	0	0	0	0	17	0	1	0	0	18
TCGA-HC-A48F-01	0	1	0	0	17	0	0	0	0	18
TCGA-J4-8200-01	0	1	0	1	13	3	0	0	0	18
TCGA-J4-A67Q-01	1	0	0	0	17	0	0	0	0	18
TCGA-J4-A67S-01	0	0	0	0	14	4	0	0	0	18
TCGA-J9-A8CN-01	0	0	0	0	18	0	0	0	0	18
TCGA-KK-A7B1-01	0	0	0	0	15	2	0	1	0	18
TCGA-XA-A8JR-01	2	1	0	0	12	2	0	1	0	18
TCGA-ZG-A9LS-01	1	0	1	0	15	0	0	1	0	18
TCGA-EJ-5497-01	3	0	0	0	14	0	0	0	0	17
TCGA-EJ-5501-01	2	1	1	0	13	0	0	0	0	17
TCGA-EJ-7325-01	2	0	0	0	13	2	0	0	0	17
TCGA-EJ-7785-01	1	0	0	0	15	1	0	0	0	17
TCGA-EJ-7791-01	0	1	0	0	15	0	0	1	0	17
TCGA-EJ-7792-01	0	0	0	0	16	0	0	1	0	17
TCGA-HC-7740-01	0	0	1	0	15	1	0	0	0	17
TCGA-HC-7817-01	1	0	0	0	14	2	0	0	0	17
TCGA-HC-8213-01	1	0	0	0	16	0	0	0	0	17
TCGA-KK-A7AU-01	0	0	0	0	14	2	0	1	0	17
TCGA-KK-A7B2-01	1	0	0	0	15	0	1	0	0	17
TCGA-V1-A9OA-01	1	1	0	0	15	0	0	0	0	17
TCGA-XJ-A9DI-01	0	0	0	0	15	2	0	0	0	17
TCGA-YL-A8HL-01	0	0	0	0	16	1	0	0	0	17
TCGA-ZG-A9LU-01	1	0	0	0	13	3	0	0	0	17
TCGA-CH-5763-01	0	0	0	0	16	0	0	0	0	16
TCGA-HC-7750-01	1	0	0	0	14	1	0	0	0	16
TCGA-KK-A8I8-01	0	0	0	0	14	2	0	0	0	16
TCGA-VN-A88M-01	0	0	0	0	15	0	0	1	0	16
TCGA-YL-A8HK-01	0	1	0	0	13	2	0	0	0	16
TCGA-CH-5738-01	0	1	0	0	13	1	0	0	0	15
TCGA-G9-6336-01	0	0	0	0	15	0	0	0	0	15
TCGA-HC-7209-01	1	0	0	0	13	1	0	0	0	15
TCGA-J4-A67T-01	3	1	0	0	9	1	0	0	1	15
TCGA-J4-A83N-01	1	0	0	0	14	0	0	0	0	15
TCGA-KK-A8I7-01	0	0	0	0	13	2	0	0	0	15
TCGA-V1-A8MM-01	2	0	1	0	11	1	0	0	0	15
TCGA-V1-A9OY-01	1	0	0	0	12	0	0	2	0	15
TCGA-2A-AAYF-01	0	0	0	0	14	0	0	0	0	14
TCGA-EJ-5522-01	0	0	0	0	13	0	0	0	1	14
TCGA-EJ-A8FO-01	0	0	0	0	14	0	0	0	0	14
TCGA-EJ-AB27-01	0	0	0	0	13	1	0	0	0	14
TCGA-FC-A8O0-01	0	0	0	0	11	3	0	0	0	14
TCGA-G9-6347-01	0	0	0	0	14	0	0	0	0	14
TCGA-J4-A67O-01	0	0	0	0	14	0	0	0	0	14
TCGA-J4-A67R-01	0	0	0	0	11	3	0	0	0	14
TCGA-J4-A83L-01	1	0	0	0	13	0	0	0	0	14
TCGA-KC-A4BL-01	1	0	0	0	11	1	0	1	0	14
TCGA-KK-A8IC-01	0	0	0	0	14	0	0	0	0	14
TCGA-QU-A6IP-01	1	1	1	0	10	1	0	0	0	14
TCGA-V1-A8MJ-01	0	0	0	0	14	0	0	0	0	14
TCGA-VN-A88L-01	0	0	0	0	12	2	0	0	0	14
TCGA-EJ-5512-01	0	0	0	0	10	2	0	1	0	13
TCGA-EJ-7794-01	1	0	1	0	11	0	0	0	0	13
TCGA-EJ-A7NF-01	0	0	1	0	11	1	0	0	0	13
TCGA-EJ-AB20-01	1	0	0	0	12	0	0	0	0	13
TCGA-KK-A7AV-01	0	0	1	0	10	2	0	0	0	13
TCGA-M7-A71Y-01	1	0	0	0	11	1	0	0	0	13
TCGA-V1-A9OF-01	1	0	1	0	10	0	0	1	0	13
TCGA-YL-A8SF-01	0	0	0	0	13	0	0	0	0	13
TCGA-EJ-5515-01	0	0	0	0	12	0	0	0	0	12
TCGA-G9-7523-01	0	0	0	0	12	0	0	0	0	12
TCGA-J4-A6G1-01	0	0	0	0	12	0	0	0	0	12
TCGA-J4-A6M7-01	0	0	0	0	11	1	0	0	0	12
TCGA-V1-A8WN-01	0	0	0	0	11	0	0	0	1	12
TCGA-VN-A88I-01	0	1	0	0	10	1	0	0	0	12
TCGA-EJ-5502-01	0	0	0	0	10	1	0	0	0	11
TCGA-EJ-7793-01	1	0	0	0	10	0	0	0	0	11
TCGA-EJ-A46D-01	0	0	0	0	9	2	0	0	0	11
TCGA-EJ-A6RA-01	0	0	0	0	10	0	0	0	0	10
TCGA-V1-A8ML-01	0	1	0	0	6	2	0	1	0	10
TCGA-CH-5746-01	0	0	0	0	9	0	0	0	0	9
TCGA-G9-6385-01	0	0	0	0	8	1	0	0	0	9
TCGA-HC-8260-01	0	0	0	0	8	1	0	0	0	9
TCGA-XJ-A9DQ-01	0	0	0	0	8	1	0	0	0	9
TCGA-EJ-5506-01	0	0	0	0	7	1	0	0	0	8
TCGA-EJ-A46I-01	0	0	0	0	8	0	0	0	0	8
TCGA-EJ-A7NJ-01	0	0	0	0	8	0	0	0	0	8
TCGA-EJ-A8FP-01	0	0	0	0	8	0	0	0	0	8
TCGA-EJ-A8FU-01	0	0	0	0	8	0	0	0	0	8
TCGA-G9-7522-01	1	0	0	0	5	2	0	0	0	8
TCGA-KC-A4BR-01	1	0	0	0	7	0	0	0	0	8
TCGA-V1-A8MK-01	0	0	0	0	8	0	0	0	0	8
TCGA-EJ-5503-01	0	0	0	0	7	0	0	0	0	7
TCGA-KC-A7FE-01	0	0	0	0	5	1	0	1	0	7
TCGA-M7-A720-01	0	1	0	0	5	0	0	0	0	6
TCGA-EJ-A46E-01	0	0	0	0	5	0	0	0	0	5
TCGA-G9-6353-01	0	0	0	0	5	0	0	0	0	5
TCGA-H9-A6BX-01	0	0	0	0	4	1	0	0	0	5
TCGA-YL-A9WX-01	0	0	0	0	4	0	0	1	0	5
TCGA-XJ-A9DK-01	0	0	0	0	4	0	0	0	0	4
TCGA-CH-5789-01	0	0	0	0	2	0	0	1	0	3
TCGA-EJ-A7NK-01	0	0	0	0	2	0	0	1	0	3
TCGA-J4-AATV-01	0	0	0	0	1	1	0	1	0	3
TCGA-M7-A723-01	0	0	0	0	3	0	0	0	0	3
TCGA-EJ-A46H-01	0	0	0	0	2	0	0	0	0	2
TCGA-EJ-A7NG-01	0	0	0	0	2	0	0	0	0	2
TCGA-G9-6367-01	0	0	0	0	2	0	0	0	0	2
TCGA-EJ-A46B-01	0	0	0	0	1	0	0	0	0	1
TCGA-XK-AAJU-01	0	0	0	0	1	0	0	0	0	1
TCGA-FC-A66V-01	0	0	0	0	0	0	0	0	0	0
TCGA-G9-6370-01	0	0	0	0	0	0	0	0	0	0
TCGA-HC-7079-01	0	0	0	0	0	0	0	0	0	0
