Hugo_Symbol	Frame_Shift_Del	Frame_Shift_Ins	In_Frame_Del	In_Frame_Ins	Nonsense_Mutation	Nonstop_Mutation	Splice_Site	Translation_Start_Site	total	MutatedSamples	AlteredSamples
KMT2D	11	3	1	0	5	0	0	0	20	20	20
TP53	8	2	0	0	2	0	6	0	18	17	17
KMT2C	7	2	0	0	5	0	1	0	15	13	13
FOXA1	2	0	11	0	0	1	0	0	14	13	13
PTEN	5	5	1	0	1	0	1	0	13	13	13
TTN	2	5	0	0	5	0	1	0	13	9	9
ZFHX3	3	2	0	0	4	0	0	0	9	9	9
APC	2	1	0	0	5	0	0	0	8	8	8
CDK12	4	2	0	0	3	0	1	0	10	7	7
CSMD3	1	0	0	0	3	0	3	0	7	7	7
CDKN1B	1	2	0	0	3	0	0	0	6	6	6
ATM	4	0	1	0	0	0	0	0	5	5	5
BRCA2	3	2	0	0	0	0	0	0	5	5	5
CASZ1	4	1	0	0	0	0	0	0	5	5	5
ERF	4	1	0	0	0	0	0	0	5	5	5
KDM6A	1	1	0	0	1	0	2	0	5	5	5
LAMA3	1	0	0	0	3	0	1	0	5	5	5
NCOR1	2	1	1	0	1	0	0	0	5	5	5
SMARCA1	1	2	0	0	1	0	1	0	5	5	5
ZMYM3	2	0	0	0	2	0	1	0	5	5	5
KMT2A	1	2	0	0	2	0	0	0	5	4	4
ABCA13	1	1	0	0	2	0	0	0	4	4	4
ARID2	4	0	0	0	0	0	0	0	4	4	4
ASH1L	0	1	0	0	3	0	0	0	4	4	4
CHD1	1	1	0	0	2	0	0	0	4	4	4
CHD6	0	1	1	1	1	0	0	0	4	4	4
CUBN	1	0	1	0	2	0	0	0	4	4	4
ITPR2	3	1	0	0	0	0	0	0	4	4	4
MYO3A	0	0	0	0	4	0	0	0	4	4	4
PCNXL2	0	0	0	0	3	0	1	0	4	4	4
RANBP2	3	0	0	0	1	0	0	0	4	4	4
SETD2	1	1	0	0	2	0	0	0	4	4	4
TRAPPC8	2	0	1	0	0	0	1	0	4	4	4
USP28	0	0	0	1	2	0	1	0	4	4	4
ZNF292	2	0	0	0	2	0	0	0	4	4	4
MUC16	1	1	0	0	2	0	0	0	4	3	3
SACS	3	0	1	0	0	0	0	0	4	3	3
AGL	0	1	1	0	1	0	0	0	3	3	3
ANK3	0	2	0	0	1	0	0	0	3	3	3
ANKRD30A	0	0	1	0	2	0	0	0	3	3	3
BCHE	1	1	0	0	1	0	0	0	3	3	3
C1orf173	0	1	0	0	1	0	1	0	3	3	3
CHD3	0	2	0	0	1	0	0	0	3	3	3
CHRNA6	2	0	0	0	1	0	0	0	3	3	3
CNTN6	1	1	0	0	1	0	0	0	3	3	3
COL5A3	0	1	0	0	2	0	0	0	3	3	3
DMTF1	1	1	1	0	0	0	0	0	3	3	3
DMXL1	1	1	0	0	1	0	0	0	3	3	3
DOPEY1	1	0	0	0	2	0	0	0	3	3	3
DYRK1B	2	0	0	0	1	0	0	0	3	3	3
FOXP1	0	0	0	1	2	0	0	0	3	3	3
HERC2	1	0	0	0	1	0	1	0	3	3	3
IL6ST	2	0	0	0	0	0	1	0	3	3	3
KAL1	1	0	0	0	2	0	0	0	3	3	3
KAT6B	1	0	0	0	2	0	0	0	3	3	3
LAMA2	0	0	1	0	1	0	1	0	3	3	3
MGA	2	0	0	0	1	0	0	0	3	3	3
NUP160	1	0	0	0	2	0	0	0	3	3	3
RNF31	2	1	0	0	0	0	0	0	3	3	3
RNF43	1	0	0	0	2	0	0	0	3	3	3
RYR3	0	0	0	0	3	0	0	0	3	3	3
SPEN	2	0	0	0	1	0	0	0	3	3	3
SYNE1	0	1	0	0	2	0	0	0	3	3	3
TMPRSS2	0	1	1	0	1	0	0	0	3	3	3
TP53BP1	1	0	0	0	2	0	0	0	3	3	3
UBR5	1	0	0	0	1	0	1	0	3	3	3
USH2A	1	0	0	0	2	0	0	0	3	3	3
WHSC1L1	0	1	0	0	2	0	0	0	3	3	3
COL7A1	1	1	0	0	1	0	1	0	4	2	2
TRIOBP	0	0	0	0	4	0	0	0	4	2	2
COL5A2	0	0	0	0	2	0	1	0	3	2	2
FREM2	0	0	1	0	0	0	2	0	3	2	2
KDR	0	1	0	0	2	0	0	0	3	2	2
LYST	0	1	0	0	2	0	0	0	3	2	2
RB1	0	2	0	0	0	0	1	0	3	2	2
SDK1	2	0	0	0	1	0	0	0	3	2	2
THSD7A	0	0	0	0	3	0	0	0	3	2	2
UGT2B10	0	2	0	0	0	0	1	0	3	2	2
USP34	0	0	1	0	2	0	0	0	3	2	2
A1CF	1	0	0	0	0	0	1	0	2	2	2
ABCA1	1	0	0	0	1	0	0	0	2	2	2
ABCA12	0	1	0	0	1	0	0	0	2	2	2
ACSL1	1	0	0	0	1	0	0	0	2	2	2
ADAM29	0	1	0	0	1	0	0	0	2	2	2
AHNAK	1	0	0	0	1	0	0	0	2	2	2
AKAP9	2	0	0	0	0	0	0	0	2	2	2
ALPK3	0	0	0	0	2	0	0	0	2	2	2
ANKAR	1	0	0	0	1	0	0	0	2	2	2
ANKFN1	0	1	0	0	1	0	0	0	2	2	2
ANKRD11	0	1	1	0	0	0	0	0	2	2	2
ANO4	0	0	0	0	0	0	2	0	2	2	2
APBA1	0	0	0	0	1	0	1	0	2	2	2
APOB	0	0	1	0	1	0	0	0	2	2	2
ARHGEF5	1	0	0	0	1	0	0	0	2	2	2
ARID4B	1	0	0	0	0	0	0	1	2	2	2
ASXL2	1	0	0	0	0	0	1	0	2	2	2
B4GALNT4	0	0	0	0	0	0	2	0	2	2	2
BBOX1	0	0	0	0	1	0	1	0	2	2	2
BRPF1	1	1	0	0	0	0	0	0	2	2	2
BRWD1	1	1	0	0	0	0	0	0	2	2	2
BTBD11	2	0	0	0	0	0	0	0	2	2	2
BTBD9	0	0	0	0	1	0	1	0	2	2	2
C12orf55	1	0	0	0	0	0	1	0	2	2	2
C9	0	0	0	0	0	0	2	0	2	2	2
CA8	0	0	0	0	1	0	1	0	2	2	2
CACNA1G	1	0	1	0	0	0	0	0	2	2	2
CAD	1	0	0	0	1	0	0	0	2	2	2
CCDC108	1	1	0	0	0	0	0	0	2	2	2
CCDC110	0	0	0	0	1	0	1	0	2	2	2
CCDC132	1	0	0	0	1	0	0	0	2	2	2
CCDC178	0	0	0	0	1	0	1	0	2	2	2
CCNL2	1	0	1	0	0	0	0	0	2	2	2
CD5L	0	0	0	0	2	0	0	0	2	2	2
CDC20B	0	0	0	0	2	0	0	0	2	2	2
CDC27	1	0	0	0	1	0	0	0	2	2	2
CDH5	2	0	0	0	0	0	0	0	2	2	2
CEP152	1	0	0	0	1	0	0	0	2	2	2
CEP41	0	0	0	0	2	0	0	0	2	2	2
CHD4	1	0	0	0	0	0	1	0	2	2	2
CHRNA4	0	1	0	0	0	0	1	0	2	2	2
CLCNKB	1	0	0	0	0	0	1	0	2	2	2
CLIP1	0	0	0	0	2	0	0	0	2	2	2
CNTN4	0	0	0	0	2	0	0	0	2	2	2
CNTNAP5	1	0	0	0	1	0	0	0	2	2	2
COL17A1	0	0	0	0	2	0	0	0	2	2	2
COL1A2	0	0	0	0	1	0	1	0	2	2	2
COL24A1	0	0	0	0	1	0	1	0	2	2	2
COL6A3	0	0	0	0	0	0	2	0	2	2	2
COL9A1	1	0	0	0	1	0	0	0	2	2	2
CPLX4	2	0	0	0	0	0	0	0	2	2	2
CPNE6	0	1	0	0	1	0	0	0	2	2	2
CPXM2	0	0	0	0	1	0	1	0	2	2	2
CREB3L2	1	0	0	0	0	0	1	0	2	2	2
CT47B1	0	0	0	0	2	0	0	0	2	2	2
DGKD	0	1	0	0	0	0	1	0	2	2	2
DMXL2	0	0	0	0	0	0	2	0	2	2	2
DNAH3	1	0	0	0	1	0	0	0	2	2	2
DNASE2B	1	1	0	0	0	0	0	0	2	2	2
DNHD1	0	1	0	0	1	0	0	0	2	2	2
DOCK11	0	1	0	0	1	0	0	0	2	2	2
DSCAM	1	0	0	0	1	0	0	0	2	2	2
EFCAB6	1	1	0	0	0	0	0	0	2	2	2
ELOVL6	0	0	0	0	2	0	0	0	2	2	2
ENPP2	0	0	0	0	2	0	0	0	2	2	2
EPPK1	1	0	0	1	0	0	0	0	2	2	2
ESCO1	1	0	1	0	0	0	0	0	2	2	2
ESF1	1	1	0	0	0	0	0	0	2	2	2
ETV3	0	0	0	0	2	0	0	0	2	2	2
EXT1	1	0	0	0	1	0	0	0	2	2	2
FAM111A	0	2	0	0	0	0	0	0	2	2	2
FAM120B	0	0	0	0	2	0	0	0	2	2	2
FAM171A1	1	0	0	0	1	0	0	0	2	2	2
FAM186B	2	0	0	0	0	0	0	0	2	2	2
FBN1	0	1	0	0	0	0	1	0	2	2	2
FIGNL1	2	0	0	0	0	0	0	0	2	2	2
FLNB	0	0	0	0	0	0	2	0	2	2	2
FRYL	0	0	0	0	2	0	0	0	2	2	2
GAD2	0	1	0	0	1	0	0	0	2	2	2
GADL1	1	0	0	0	0	0	1	0	2	2	2
GANAB	0	1	0	0	1	0	0	0	2	2	2
GAPVD1	2	0	0	0	0	0	0	0	2	2	2
GBP3	1	0	0	0	1	0	0	0	2	2	2
GIGYF2	0	0	0	0	2	0	0	0	2	2	2
GLRA2	1	0	0	0	1	0	0	0	2	2	2
GPR98	0	1	0	0	1	0	0	0	2	2	2
GRM1	0	0	0	0	2	0	0	0	2	2	2
GSK3B	1	0	0	0	1	0	0	0	2	2	2
HERC1	0	1	0	0	1	0	0	0	2	2	2
HNRNPR	1	0	0	1	0	0	0	0	2	2	2
HTR2A	0	1	0	0	1	0	0	0	2	2	2
IL21	1	0	0	0	0	0	1	0	2	2	2
ILF2	0	0	0	0	0	0	2	0	2	2	2
ILF3	0	0	0	0	1	0	1	0	2	2	2
INPP4A	0	0	0	0	2	0	0	0	2	2	2
IQCA1	0	0	0	0	1	0	1	0	2	2	2
IRF4	1	1	0	0	0	0	0	0	2	2	2
KBTBD7	1	0	0	0	1	0	0	0	2	2	2
KCNA3	0	0	0	0	2	0	0	0	2	2	2
KDM4B	0	2	0	0	0	0	0	0	2	2	2
KDM5A	0	1	0	0	1	0	0	0	2	2	2
KIAA0319	0	0	0	0	2	0	0	0	2	2	2
KIAA1432	0	0	0	0	1	0	1	0	2	2	2
KIAA1549L	0	0	0	0	1	0	1	0	2	2	2
KIAA2026	0	0	0	0	2	0	0	0	2	2	2
KIF13A	1	0	0	0	1	0	0	0	2	2	2
KIF16B	0	0	0	0	1	0	0	1	2	2	2
KLHL18	0	0	0	0	1	0	1	0	2	2	2
KPNA1	0	0	0	0	2	0	0	0	2	2	2
LMTK2	2	0	0	0	0	0	0	0	2	2	2
LPPR5	0	1	0	0	1	0	0	0	2	2	2
LRCH1	0	0	0	0	1	0	1	0	2	2	2
LRP1B	1	0	0	0	0	0	1	0	2	2	2
LRRC27	0	0	0	0	2	0	0	0	2	2	2
LY75	0	0	0	0	0	0	2	0	2	2	2
MACF1	2	0	0	0	0	0	0	0	2	2	2
MAPK8IP3	1	0	0	0	1	0	0	0	2	2	2
MAST2	1	0	0	0	0	0	1	0	2	2	2
MBD1	1	1	0	0	0	0	0	0	2	2	2
MBD6	1	0	0	0	0	0	0	1	2	2	2
MBTPS1	0	0	0	0	1	0	1	0	2	2	2
MCM8	0	0	1	0	1	0	0	0	2	2	2
MED15	1	0	0	0	0	0	1	0	2	2	2
MFGE8	0	1	0	0	1	0	0	0	2	2	2
MFRP	1	1	0	0	0	0	0	0	2	2	2
MIS18BP1	2	0	0	0	0	0	0	0	2	2	2
MLLT4	0	0	0	0	1	0	1	0	2	2	2
MTERFD2	1	0	0	0	1	0	0	0	2	2	2
MX2	0	0	0	0	1	0	1	0	2	2	2
MYH4	1	0	1	0	0	0	0	0	2	2	2
NCAM2	0	1	0	0	1	0	0	0	2	2	2
NCAPD3	1	0	0	0	0	0	1	0	2	2	2
NCOR2	0	1	0	0	1	0	0	0	2	2	2
NEK1	0	0	0	0	2	0	0	0	2	2	2
NID2	0	0	0	0	2	0	0	0	2	2	2
NOTCH2	1	0	0	0	1	0	0	0	2	2	2
NRAP	0	0	1	0	1	0	0	0	2	2	2
NRIP1	1	0	0	0	1	0	0	0	2	2	2
OSBPL10	0	0	0	0	2	0	0	0	2	2	2
PCDH19	0	0	0	0	2	0	0	0	2	2	2
PCDHB7	0	0	0	0	2	0	0	0	2	2	2
PCF11	1	1	0	0	0	0	0	0	2	2	2
PCID2	1	0	0	0	0	0	1	0	2	2	2
PCLO	0	0	0	0	2	0	0	0	2	2	2
PCOLCE	2	0	0	0	0	0	0	0	2	2	2
PDCD11	1	1	0	0	0	0	0	0	2	2	2
PEAK1	0	0	1	0	1	0	0	0	2	2	2
PFKFB1	0	0	0	0	2	0	0	0	2	2	2
PGBD2	2	0	0	0	0	0	0	0	2	2	2
PIKFYVE	2	0	0	0	0	0	0	0	2	2	2
PKN2	0	1	0	0	1	0	0	0	2	2	2
PLA2G4A	0	1	0	0	1	0	0	0	2	2	2
PLEKHG4B	1	0	0	0	0	0	1	0	2	2	2
PLIN3	2	0	0	0	0	0	0	0	2	2	2
POLQ	1	1	0	0	0	0	0	0	2	2	2
POM121C	0	1	0	0	1	0	0	0	2	2	2
PPFIBP1	1	0	0	0	1	0	0	0	2	2	2
PPL	2	0	0	0	0	0	0	0	2	2	2
PTGR1	2	0	0	0	0	0	0	0	2	2	2
RAI14	0	0	0	0	1	0	1	0	2	2	2
RAPGEF6	0	0	1	0	1	0	0	0	2	2	2
RIMS2	0	0	0	0	1	0	1	0	2	2	2
RLF	1	0	0	0	1	0	0	0	2	2	2
RNF213	0	2	0	0	0	0	0	0	2	2	2
ROBO2	0	0	0	0	2	0	0	0	2	2	2
RYR2	0	0	0	0	2	0	0	0	2	2	2
SATB2	0	0	0	0	1	0	1	0	2	2	2
SCN1A	0	0	0	0	2	0	0	0	2	2	2
SCNN1B	0	0	1	0	0	0	1	0	2	2	2
SFI1	1	0	0	0	1	0	0	0	2	2	2
SH3TC2	1	0	0	0	0	0	1	0	2	2	2
SLC14A2	0	0	0	0	0	0	2	0	2	2	2
SLC5A2	0	0	0	0	2	0	0	0	2	2	2
SNX13	0	0	0	0	1	0	1	0	2	2	2
SNX31	0	0	0	0	2	0	0	0	2	2	2
SOAT2	0	0	0	0	2	0	0	0	2	2	2
SOS1	0	0	0	0	2	0	0	0	2	2	2
SPOP	1	0	1	0	0	0	0	0	2	2	2
SRFBP1	1	1	0	0	0	0	0	0	2	2	2
SRPK3	1	0	0	0	1	0	0	0	2	2	2
STRC	1	0	0	0	1	0	0	0	2	2	2
SURF4	1	0	1	0	0	0	0	0	2	2	2
SZT2	0	0	0	0	2	0	0	0	2	2	2
TBL1XR1	0	1	0	0	0	0	1	0	2	2	2
TBXA2R	0	0	0	0	2	0	0	0	2	2	2
TCEB3	0	0	1	0	1	0	0	0	2	2	2
TCF3	1	0	0	0	1	0	0	0	2	2	2
TINAG	0	0	0	0	2	0	0	0	2	2	2
TMEM132E	1	0	0	0	1	0	0	0	2	2	2
TNIP1	1	0	0	0	1	0	0	0	2	2	2
TOP2B	2	0	0	0	0	0	0	0	2	2	2
TP53BP2	1	0	0	0	0	0	1	0	2	2	2
TRAP1	1	0	0	0	1	0	0	0	2	2	2
TRDN	0	0	0	0	2	0	0	0	2	2	2
TRIP12	1	0	0	0	0	0	1	0	2	2	2
TRPA1	1	0	0	0	0	0	1	0	2	2	2
TRPM4	1	0	0	0	0	0	1	0	2	2	2
TRPS1	0	1	0	0	1	0	0	0	2	2	2
TTC4	1	0	0	0	1	0	0	0	2	2	2
TTK	2	0	0	0	0	0	0	0	2	2	2
TTLL12	0	1	0	0	1	0	0	0	2	2	2
TXNDC16	0	0	0	0	1	0	1	0	2	2	2
UBR2	0	0	1	0	1	0	0	0	2	2	2
UBXN4	1	0	1	0	0	0	0	0	2	2	2
UNC79	1	0	0	0	1	0	0	0	2	2	2
UPF3A	2	0	0	0	0	0	0	0	2	2	2
URGCP	1	1	0	0	0	0	0	0	2	2	2
USHBP1	0	0	0	0	1	0	1	0	2	2	2
USP22	0	0	0	0	2	0	0	0	2	2	2
VPS13D	0	0	0	0	2	0	0	0	2	2	2
VPS41	0	0	0	0	1	0	1	0	2	2	2
WDR11	1	0	0	0	1	0	0	0	2	2	2
XYLT1	0	1	0	0	1	0	0	0	2	2	2
YWHAQ	0	1	0	0	0	0	1	0	2	2	2
ZBTB41	0	0	1	0	1	0	0	0	2	2	2
ZC3H13	1	0	0	0	1	0	0	0	2	2	2
ZCCHC7	0	1	0	0	1	0	0	0	2	2	2
ZEB1	0	0	0	0	2	0	0	0	2	2	2
ZFAT	0	0	0	0	2	0	0	0	2	2	2
ZFC3H1	1	0	0	0	0	0	1	0	2	2	2
ZNF48	1	0	0	0	0	1	0	0	2	2	2
ZNF568	1	0	0	0	1	0	0	0	2	2	2
ZNF827	0	0	0	0	2	0	0	0	2	2	2
ZZZ3	1	0	0	0	1	0	0	0	2	2	2
ACACA	0	0	0	0	1	0	1	0	2	1	1
CBX4	1	0	1	0	0	0	0	0	2	1	1
CCDC30	0	0	0	0	2	0	0	0	2	1	1
F13B	0	0	0	0	1	0	1	0	2	1	1
FAT4	0	0	0	0	2	0	0	0	2	1	1
GAK	0	0	0	0	2	0	0	0	2	1	1
GNL3	0	0	0	0	0	0	2	0	2	1	1
ITFG1	1	0	0	0	0	0	1	0	2	1	1
MAP4K4	1	0	0	0	1	0	0	0	2	1	1
MRPL38	1	0	0	0	1	0	0	0	2	1	1
PIAS3	0	1	0	0	0	0	1	0	2	1	1
SARDH	0	0	0	0	1	0	1	0	2	1	1
VPS52	0	0	0	0	2	0	0	0	2	1	1
WDHD1	0	0	0	0	1	0	1	0	2	1	1
A2M	1	0	0	0	0	0	0	0	1	1	1
AADACL4	0	0	0	0	1	0	0	0	1	1	1
AARS	1	0	0	0	0	0	0	0	1	1	1
AASDH	0	0	1	0	0	0	0	0	1	1	1
AASDHPPT	0	0	0	0	0	0	0	1	1	1	1
AASS	0	0	0	0	0	0	1	0	1	1	1
AATF	0	0	0	0	1	0	0	0	1	1	1
ABCA10	0	0	1	0	0	0	0	0	1	1	1
ABCA3	0	0	0	0	1	0	0	0	1	1	1
ABCA5	0	0	0	0	0	0	1	0	1	1	1
ABCA9	1	0	0	0	0	0	0	0	1	1	1
ABCB10	0	0	0	0	0	0	1	0	1	1	1
ABCB11	0	0	0	0	0	0	1	0	1	1	1
ABCB5	0	0	0	0	1	0	0	0	1	1	1
ABCC10	0	0	0	0	1	0	0	0	1	1	1
ABCC4	0	0	0	0	1	0	0	0	1	1	1
ABCC6	0	0	0	0	1	0	0	0	1	1	1
ABCF1	0	1	0	0	0	0	0	0	1	1	1
ABHD16A	0	0	0	0	1	0	0	0	1	1	1
ABL1	1	0	0	0	0	0	0	0	1	1	1
ABR	1	0	0	0	0	0	0	0	1	1	1
AC004381.6	0	0	0	0	1	0	0	0	1	1	1
AC010127.3	0	0	0	0	0	0	1	0	1	1	1
ACAA1	1	0	0	0	0	0	0	0	1	1	1
ACADVL	0	1	0	0	0	0	0	0	1	1	1
ACCS	0	0	0	0	0	0	1	0	1	1	1
ACHE	0	0	0	0	1	0	0	0	1	1	1
ACKR2	0	0	0	0	1	0	0	0	1	1	1
ACSS2	1	0	0	0	0	0	0	0	1	1	1
ACTBL2	0	0	0	0	1	0	0	0	1	1	1
ACTN1	1	0	0	0	0	0	0	0	1	1	1
ACTN2	0	0	0	0	1	0	0	0	1	1	1
ACTN3	0	0	0	0	0	0	1	0	1	1	1
ACTR5	1	0	0	0	0	0	0	0	1	1	1
ACTR6	1	0	0	0	0	0	0	0	1	1	1
ADAM15	0	0	0	0	1	0	0	0	1	1	1
ADAM18	0	0	0	0	1	0	0	0	1	1	1
ADAM28	0	0	1	0	0	0	0	0	1	1	1
ADAM7	0	0	0	0	0	0	1	0	1	1	1
ADAM9	0	0	0	0	1	0	0	0	1	1	1
ADAMTS10	0	0	0	0	1	0	0	0	1	1	1
ADAMTS20	0	0	0	0	1	0	0	0	1	1	1
ADAMTS5	0	1	0	0	0	0	0	0	1	1	1
ADAMTS9	0	0	0	0	1	0	0	0	1	1	1
ADCK3	0	0	0	0	1	0	0	0	1	1	1
ADH7	0	0	0	0	1	0	0	0	1	1	1
ADRA1B	1	0	0	0	0	0	0	0	1	1	1
ADTRP	0	0	0	0	0	0	1	0	1	1	1
AGA	1	0	0	0	0	0	0	0	1	1	1
AGK	0	0	0	0	1	0	0	0	1	1	1
AGO2	0	0	0	0	1	0	0	0	1	1	1
AGO4	0	0	0	0	0	0	1	0	1	1	1
AGPAT6	1	0	0	0	0	0	0	0	1	1	1
AGR3	1	0	0	0	0	0	0	0	1	1	1
AHI1	0	0	0	0	1	0	0	0	1	1	1
AHSP	0	0	0	0	1	0	0	0	1	1	1
AIM1	0	0	0	0	1	0	0	0	1	1	1
AIM2	1	0	0	0	0	0	0	0	1	1	1
AKAP4	0	0	1	0	0	0	0	0	1	1	1
AKAP5	1	0	0	0	0	0	0	0	1	1	1
AKAP6	1	0	0	0	0	0	0	0	1	1	1
AKR1C1	0	0	0	0	0	0	1	0	1	1	1
ALAS1	0	0	0	0	1	0	0	0	1	1	1
ALDH1L1	0	1	0	0	0	0	0	0	1	1	1
ALDH1L2	0	0	0	0	0	0	1	0	1	1	1
ALG10B	0	1	0	0	0	0	0	0	1	1	1
ALLC	0	0	0	0	1	0	0	0	1	1	1
ALMS1	0	1	0	0	0	0	0	0	1	1	1
ALPK2	1	0	0	0	0	0	0	0	1	1	1
ALX3	0	0	0	0	1	0	0	0	1	1	1
ALX4	0	0	0	0	1	0	0	0	1	1	1
AMBP	0	0	0	0	0	0	1	0	1	1	1
AMBRA1	0	1	0	0	0	0	0	0	1	1	1
AMIGO2	0	0	0	0	1	0	0	0	1	1	1
AMIGO3	0	1	0	0	0	0	0	0	1	1	1
AMY1A	0	0	0	0	1	0	0	0	1	1	1
ANAPC4	0	0	0	0	1	0	0	0	1	1	1
ANAPC5	0	0	0	0	1	0	0	0	1	1	1
ANGPT1	1	0	0	0	0	0	0	0	1	1	1
ANGPT2	0	0	0	0	1	0	0	0	1	1	1
ANK2	0	0	0	0	1	0	0	0	1	1	1
ANKRD13A	1	0	0	0	0	0	0	0	1	1	1
ANKRD23	0	0	0	0	1	0	0	0	1	1	1
ANKRD26	1	0	0	0	0	0	0	0	1	1	1
ANKRD27	0	0	0	0	1	0	0	0	1	1	1
ANKRD28	0	0	0	0	1	0	0	0	1	1	1
ANKRD32	0	0	0	0	0	0	1	0	1	1	1
ANKRD37	0	0	0	0	0	0	1	0	1	1	1
ANKS1B	0	0	0	0	0	0	1	0	1	1	1
ANO10	1	0	0	0	0	0	0	0	1	1	1
ANO2	0	1	0	0	0	0	0	0	1	1	1
ANTXR2	0	0	0	0	1	0	0	0	1	1	1
ANXA2	0	0	0	0	1	0	0	0	1	1	1
ANXA4	0	0	0	0	1	0	0	0	1	1	1
AP1G2	0	0	0	0	1	0	0	0	1	1	1
AP1M1	0	0	0	0	1	0	0	0	1	1	1
AP3M1	0	0	0	0	1	0	0	0	1	1	1
APEH	1	0	0	0	0	0	0	0	1	1	1
APLNR	1	0	0	0	0	0	0	0	1	1	1
APOBEC2	0	1	0	0	0	0	0	0	1	1	1
APOE	0	0	0	0	1	0	0	0	1	1	1
APPBP2	0	0	0	0	1	0	0	0	1	1	1
AQP1	0	1	0	0	0	0	0	0	1	1	1
AQP5	1	0	0	0	0	0	0	0	1	1	1
AQPEP	0	0	0	0	0	0	1	0	1	1	1
ARFGAP3	0	0	0	0	0	0	1	0	1	1	1
ARFGEF1	1	0	0	0	0	0	0	0	1	1	1
ARFIP2	1	0	0	0	0	0	0	0	1	1	1
ARHGAP10	0	0	0	0	0	0	1	0	1	1	1
ARHGAP11A	0	0	0	0	0	0	1	0	1	1	1
ARHGAP15	1	0	0	0	0	0	0	0	1	1	1
ARHGAP19	0	1	0	0	0	0	0	0	1	1	1
ARHGAP21	1	0	0	0	0	0	0	0	1	1	1
ARHGAP35	1	0	0	0	0	0	0	0	1	1	1
ARHGDIA	0	0	1	0	0	0	0	0	1	1	1
ARHGEF1	0	0	0	0	0	1	0	0	1	1	1
ARHGEF11	0	1	0	0	0	0	0	0	1	1	1
ARHGEF26	1	0	0	0	0	0	0	0	1	1	1
ARHGEF40	0	0	0	0	1	0	0	0	1	1	1
ARID1A	0	0	0	0	1	0	0	0	1	1	1
ARID1B	0	0	0	0	1	0	0	0	1	1	1
ARID4A	1	0	0	0	0	0	0	0	1	1	1
ARID5B	0	1	0	0	0	0	0	0	1	1	1
ARIH2	0	0	0	0	1	0	0	0	1	1	1
ARL4C	0	0	0	0	1	0	0	0	1	1	1
ARMC5	0	0	1	0	0	0	0	0	1	1	1
ARNT2	1	0	0	0	0	0	0	0	1	1	1
ARNTL2	0	0	0	0	1	0	0	0	1	1	1
ARPC4-TTLL3	0	0	0	0	0	0	1	0	1	1	1
ARPC5	1	0	0	0	0	0	0	0	1	1	1
ART4	0	0	0	0	0	0	1	0	1	1	1
ARVCF	0	0	0	0	1	0	0	0	1	1	1
ASAP1	0	0	0	0	0	0	1	0	1	1	1
ASB15	1	0	0	0	0	0	0	0	1	1	1
ASB9	0	0	0	0	1	0	0	0	1	1	1
ASNSD1	0	0	1	0	0	0	0	0	1	1	1
ASPG	1	0	0	0	0	0	0	0	1	1	1
ASPM	0	0	0	0	1	0	0	0	1	1	1
ASPN	1	0	0	0	0	0	0	0	1	1	1
ASTN1	0	0	0	0	1	0	0	0	1	1	1
ATAD1	1	0	0	0	0	0	0	0	1	1	1
ATAD2	0	0	0	0	0	0	1	0	1	1	1
ATAD5	1	0	0	0	0	0	0	0	1	1	1
ATE1	0	1	0	0	0	0	0	0	1	1	1
ATF4	1	0	0	0	0	0	0	0	1	1	1
ATF7IP	0	0	0	0	0	0	1	0	1	1	1
ATG10	0	0	0	0	1	0	0	0	1	1	1
ATG2B	0	0	0	0	1	0	0	0	1	1	1
ATG5	0	0	0	0	1	0	0	0	1	1	1
ATG9A	0	0	0	0	0	0	1	0	1	1	1
ATP10B	1	0	0	0	0	0	0	0	1	1	1
ATP10D	0	0	0	0	1	0	0	0	1	1	1
ATP11B	0	0	0	0	1	0	0	0	1	1	1
ATP13A1	0	0	0	0	1	0	0	0	1	1	1
ATP2A2	0	1	0	0	0	0	0	0	1	1	1
ATP2B2	1	0	0	0	0	0	0	0	1	1	1
ATP2B4	0	0	0	0	0	0	1	0	1	1	1
ATP5A1	0	0	0	0	1	0	0	0	1	1	1
ATP5F1	1	0	0	0	0	0	0	0	1	1	1
ATP6V1A	0	0	0	0	0	0	1	0	1	1	1
ATP6V1B1	1	0	0	0	0	0	0	0	1	1	1
ATP6V1C2	0	0	0	0	1	0	0	0	1	1	1
ATP8B2	0	0	0	0	0	0	1	0	1	1	1
ATR	0	0	0	0	1	0	0	0	1	1	1
ATRN	0	0	0	1	0	0	0	0	1	1	1
ATRX	1	0	0	0	0	0	0	0	1	1	1
ATXN3	0	0	0	0	1	0	0	0	1	1	1
ATXN7L2	1	0	0	0	0	0	0	0	1	1	1
AUTS2	0	0	0	0	1	0	0	0	1	1	1
B3GALNT2	0	0	0	0	1	0	0	0	1	1	1
B3GNT4	0	0	1	0	0	0	0	0	1	1	1
B4GALT6	0	0	0	0	1	0	0	0	1	1	1
BAI3	1	0	0	0	0	0	0	0	1	1	1
BANP	0	0	0	0	0	0	1	0	1	1	1
BAZ1A	0	0	0	0	1	0	0	0	1	1	1
BAZ2B	0	0	1	0	0	0	0	0	1	1	1
BBS12	0	0	0	0	1	0	0	0	1	1	1
BBS2	1	0	0	0	0	0	0	0	1	1	1
BCAN	0	0	0	0	1	0	0	0	1	1	1
BCAP29	1	0	0	0	0	0	0	0	1	1	1
BCAS2	0	0	0	0	1	0	0	0	1	1	1
BCAT2	0	0	0	0	0	0	1	0	1	1	1
BCDIN3D	0	0	0	0	0	0	0	1	1	1	1
BCL2L13	1	0	0	0	0	0	0	0	1	1	1
BCL9	0	0	0	0	1	0	0	0	1	1	1
BCL9L	0	0	0	0	0	0	1	0	1	1	1
BCLAF1	0	0	0	0	1	0	0	0	1	1	1
BCOR	1	0	0	0	0	0	0	0	1	1	1
BEST4	0	0	0	0	1	0	0	0	1	1	1
BET1	0	0	0	0	0	0	0	1	1	1	1
BIRC6	0	0	0	0	0	0	1	0	1	1	1
BMI1	0	0	0	0	1	0	0	0	1	1	1
BMP2	0	0	0	0	1	0	0	0	1	1	1
BMP2K	0	0	0	0	1	0	0	0	1	1	1
BMP5	0	0	0	0	1	0	0	0	1	1	1
BMPR2	0	0	0	0	1	0	0	0	1	1	1
BMS1	0	0	0	0	1	0	0	0	1	1	1
BPI	0	0	0	0	1	0	0	0	1	1	1
BPIFB4	0	0	0	0	1	0	0	0	1	1	1
BPTF	0	0	0	0	1	0	0	0	1	1	1
BRAF	0	0	1	0	0	0	0	0	1	1	1
BRCC3	1	0	0	0	0	0	0	0	1	1	1
BRE	0	0	0	0	1	0	0	0	1	1	1
BRICD5	0	0	0	0	1	0	0	0	1	1	1
BRINP1	1	0	0	0	0	0	0	0	1	1	1
BRIP1	0	0	0	0	1	0	0	0	1	1	1
BTAF1	0	0	0	0	1	0	0	0	1	1	1
BTG1	1	0	0	0	0	0	0	0	1	1	1
BTRC	0	0	0	0	1	0	0	0	1	1	1
BUB1B	0	0	0	0	1	0	0	0	1	1	1
BZRAP1	1	0	0	0	0	0	0	0	1	1	1
BZW1	0	1	0	0	0	0	0	0	1	1	1
C10orf90	0	0	0	0	1	0	0	0	1	1	1
C11orf70	0	0	0	0	1	0	0	0	1	1	1
C11orf73	0	0	0	0	1	0	0	0	1	1	1
C11orf88	0	0	0	0	1	0	0	0	1	1	1
C12orf10	0	0	0	0	0	0	1	0	1	1	1
C12orf40	0	0	0	0	1	0	0	0	1	1	1
C14orf79	1	0	0	0	0	0	0	0	1	1	1
C15orf26	0	0	0	0	1	0	0	0	1	1	1
C17orf66	0	0	0	0	1	0	0	0	1	1	1
C19orf53	1	0	0	0	0	0	0	0	1	1	1
C1orf127	1	0	0	0	0	0	0	0	1	1	1
C1orf177	0	0	0	0	1	0	0	0	1	1	1
C1orf216	0	0	0	0	1	0	0	0	1	1	1
C1orf94	0	0	1	0	0	0	0	0	1	1	1
C20orf85	1	0	0	0	0	0	0	0	1	1	1
C20orf96	1	0	0	0	0	0	0	0	1	1	1
C2ORF15	0	1	0	0	0	0	0	0	1	1	1
C3AR1	1	0	0	0	0	0	0	0	1	1	1
C3orf62	0	0	0	0	0	0	1	0	1	1	1
C3orf72	0	0	1	0	0	0	0	0	1	1	1
C5orf42	0	0	0	0	1	0	0	0	1	1	1
C6	0	0	0	0	1	0	0	0	1	1	1
C6orf10	0	0	1	0	0	0	0	0	1	1	1
C6orf15	1	0	0	0	0	0	0	0	1	1	1
C8B	1	0	0	0	0	0	0	0	1	1	1
C9orf78	0	0	0	0	0	0	0	1	1	1	1
C9orf84	0	1	0	0	0	0	0	0	1	1	1
CABP5	0	0	0	0	0	0	1	0	1	1	1
CACNA1C	0	0	0	0	0	0	1	0	1	1	1
CACNA1D	0	0	1	0	0	0	0	0	1	1	1
CACNB4	0	0	0	0	1	0	0	0	1	1	1
CADM1	0	0	0	0	0	1	0	0	1	1	1
CADPS2	1	0	0	0	0	0	0	0	1	1	1
CALCR	0	0	0	0	1	0	0	0	1	1	1
CAMK2D	0	0	0	0	1	0	0	0	1	1	1
CAMK4	0	1	0	0	0	0	0	0	1	1	1
CAMKMT	1	0	0	0	0	0	0	0	1	1	1
CAMSAP1	0	0	0	0	1	0	0	0	1	1	1
CAMTA1	0	0	0	0	0	0	1	0	1	1	1
CAP1	1	0	0	0	0	0	0	0	1	1	1
CAPN11	1	0	0	0	0	0	0	0	1	1	1
CAPN13	0	0	0	0	0	0	1	0	1	1	1
CAPSL	1	0	0	0	0	0	0	0	1	1	1
CAPZA3	0	0	0	0	1	0	0	0	1	1	1
CARD11	0	0	0	0	1	0	0	0	1	1	1
CARD14	0	0	0	0	1	0	0	0	1	1	1
CARF	1	0	0	0	0	0	0	0	1	1	1
CARHSP1	1	0	0	0	0	0	0	0	1	1	1
CARS2	0	0	0	0	0	1	0	0	1	1	1
CASR	0	0	1	0	0	0	0	0	1	1	1
CAT	1	0	0	0	0	0	0	0	1	1	1
CAV1	0	0	0	0	0	0	1	0	1	1	1
CBFA2T3	0	0	0	0	0	0	1	0	1	1	1
CBLN1	1	0	0	0	0	0	0	0	1	1	1
CBWD6	1	0	0	0	0	0	0	0	1	1	1
CC2D1A	0	1	0	0	0	0	0	0	1	1	1
CCAR1	0	0	0	0	1	0	0	0	1	1	1
CCBL1	0	0	0	0	1	0	0	0	1	1	1
CCDC101	1	0	0	0	0	0	0	0	1	1	1
CCDC113	0	0	1	0	0	0	0	0	1	1	1
CCDC144A	1	0	0	0	0	0	0	0	1	1	1
CCDC146	0	0	0	0	1	0	0	0	1	1	1
CCDC148	0	1	0	0	0	0	0	0	1	1	1
CCDC15	0	0	0	0	1	0	0	0	1	1	1
CCDC172	0	1	0	0	0	0	0	0	1	1	1
CCDC39	1	0	0	0	0	0	0	0	1	1	1
CCDC57	0	0	0	0	1	0	0	0	1	1	1
CCDC60	0	0	0	0	1	0	0	0	1	1	1
CCDC73	1	0	0	0	0	0	0	0	1	1	1
CCDC80	0	0	0	0	1	0	0	0	1	1	1
CCDC86	0	0	0	0	1	0	0	0	1	1	1
CCDC9	0	0	0	0	0	0	1	0	1	1	1
CCDC92	0	0	1	0	0	0	0	0	1	1	1
CCL17	0	0	0	0	0	0	0	1	1	1	1
CCNG1	0	0	0	0	1	0	0	0	1	1	1
CCNI	1	0	0	0	0	0	0	0	1	1	1
CCNYL1	0	0	1	0	0	0	0	0	1	1	1
CCT4	0	0	1	0	0	0	0	0	1	1	1
CD109	0	0	0	0	0	0	1	0	1	1	1
CD163L1	0	0	0	0	1	0	0	0	1	1	1
CD1B	0	0	0	0	1	0	0	0	1	1	1
CD200R1L	0	0	0	0	0	0	1	0	1	1	1
CD207	0	0	0	0	1	0	0	0	1	1	1
CD28	0	0	0	0	1	0	0	0	1	1	1
CD300LB	1	0	0	0	0	0	0	0	1	1	1
CD37	0	0	1	0	0	0	0	0	1	1	1
CD38	0	0	0	0	1	0	0	0	1	1	1
CD63	1	0	0	0	0	0	0	0	1	1	1
CD68	1	0	0	0	0	0	0	0	1	1	1
CDC20	1	0	0	0	0	0	0	0	1	1	1
CDC25B	0	0	1	0	0	0	0	0	1	1	1
CDH10	0	1	0	0	0	0	0	0	1	1	1
CDH20	0	0	0	0	1	0	0	0	1	1	1
CDH23	0	0	0	0	1	0	0	0	1	1	1
CDH8	0	1	0	0	0	0	0	0	1	1	1
CDH9	1	0	0	0	0	0	0	0	1	1	1
CDK1	0	0	0	0	0	0	1	0	1	1	1
CDK13	0	0	0	0	0	0	1	0	1	1	1
CDK20	0	0	0	0	0	0	1	0	1	1	1
CDK5RAP2	0	0	0	0	1	0	0	0	1	1	1
CDK5RAP3	0	0	0	0	0	0	1	0	1	1	1
CDKL4	1	0	0	0	0	0	0	0	1	1	1
CDKN2A	0	0	0	0	1	0	0	0	1	1	1
CEBPG	0	0	0	0	1	0	0	0	1	1	1
CELSR3	1	0	0	0	0	0	0	0	1	1	1
CENPC	0	0	0	0	0	0	1	0	1	1	1
CENPE	0	0	0	0	0	0	1	0	1	1	1
CENPF	0	0	0	0	1	0	0	0	1	1	1
CEP112	1	0	0	0	0	0	0	0	1	1	1
CEP128	0	0	0	0	1	0	0	0	1	1	1
CEP192	0	0	0	0	1	0	0	0	1	1	1
CEP250	0	0	0	0	1	0	0	0	1	1	1
CEP350	0	0	0	0	1	0	0	0	1	1	1
CEP57	0	0	0	0	1	0	0	0	1	1	1
CEP57L1	1	0	0	0	0	0	0	0	1	1	1
CEP76	0	0	0	0	0	0	1	0	1	1	1
CERKL	1	0	0	0	0	0	0	0	1	1	1
CFH	0	0	1	0	0	0	0	0	1	1	1
CFHR2	0	0	0	0	1	0	0	0	1	1	1
CFHR5	0	0	0	0	1	0	0	0	1	1	1
CFL1	1	0	0	0	0	0	0	0	1	1	1
CGB5	1	0	0	0	0	0	0	0	1	1	1
CHD2	1	0	0	0	0	0	0	0	1	1	1
CHD7	0	0	0	0	1	0	0	0	1	1	1
CHD8	0	0	0	0	1	0	0	0	1	1	1
CHDH	1	0	0	0	0	0	0	0	1	1	1
CHFR	0	0	0	0	0	0	1	0	1	1	1
CHGA	0	0	0	0	1	0	0	0	1	1	1
CHIC2	0	0	0	0	1	0	0	0	1	1	1
CHM	0	0	0	0	1	0	0	0	1	1	1
CHRNB2	1	0	0	0	0	0	0	0	1	1	1
CHST15	1	0	0	0	0	0	0	0	1	1	1
CHSY3	1	0	0	0	0	0	0	0	1	1	1
CIRBP	0	0	0	0	1	0	0	0	1	1	1
CIT	0	0	0	0	0	0	1	0	1	1	1
CLASRP	0	0	1	0	0	0	0	0	1	1	1
CLCN5	0	0	0	0	0	0	1	0	1	1	1
CLDN9	1	0	0	0	0	0	0	0	1	1	1
CLEC12B	0	0	0	0	1	0	0	0	1	1	1
CLEC16A	0	0	1	0	0	0	0	0	1	1	1
CLK3	0	0	0	0	1	0	0	0	1	1	1
CLMN	1	0	0	0	0	0	0	0	1	1	1
CLSTN1	0	0	0	0	0	0	1	0	1	1	1
CLSTN3	0	1	0	0	0	0	0	0	1	1	1
CLTCL1	1	0	0	0	0	0	0	0	1	1	1
CLUH	1	0	0	0	0	0	0	0	1	1	1
CMBL	0	0	0	0	0	0	1	0	1	1	1
CMIP	1	0	0	0	0	0	0	0	1	1	1
CMTM5	1	0	0	0	0	0	0	0	1	1	1
CNBP	0	0	0	0	0	0	1	0	1	1	1
CNGA4	0	0	0	0	1	0	0	0	1	1	1
CNIH2	0	1	0	0	0	0	0	0	1	1	1
CNNM2	0	0	0	0	1	0	0	0	1	1	1
CNNM4	0	0	0	0	1	0	0	0	1	1	1
CNOT1	0	0	0	0	1	0	0	0	1	1	1
CNPPD1	0	0	0	0	1	0	0	0	1	1	1
CNTNAP1	1	0	0	0	0	0	0	0	1	1	1
CNTNAP2	0	0	0	0	0	0	1	0	1	1	1
CNTROB	0	0	0	0	1	0	0	0	1	1	1
COL11A1	0	0	0	0	1	0	0	0	1	1	1
COL19A1	0	0	0	0	1	0	0	0	1	1	1
COL2A1	0	0	0	0	0	0	1	0	1	1	1
COL3A1	0	0	0	0	1	0	0	0	1	1	1
COL4A2	0	0	0	0	1	0	0	0	1	1	1
COL4A3	0	0	0	0	0	0	1	0	1	1	1
COL4A3BP	0	0	0	0	0	0	1	0	1	1	1
COL8A1	1	0	0	0	0	0	0	0	1	1	1
COLGALT2	0	0	0	0	0	0	1	0	1	1	1
COPG2	0	0	0	0	1	0	0	0	1	1	1
COQ5	0	0	0	0	1	0	0	0	1	1	1
CORO7	0	0	0	0	1	0	0	0	1	1	1
CP	0	0	0	0	0	0	1	0	1	1	1
CPEB4	0	1	0	0	0	0	0	0	1	1	1
CPNE3	0	0	0	0	1	0	0	0	1	1	1
CPPED1	0	0	0	0	1	0	0	0	1	1	1
CPSF6	1	0	0	0	0	0	0	0	1	1	1
CR2	1	0	0	0	0	0	0	0	1	1	1
CREB3L4	0	0	1	0	0	0	0	0	1	1	1
CREBBP	1	0	0	0	0	0	0	0	1	1	1
CRIP1	1	0	0	0	0	0	0	0	1	1	1
CRISP2	0	0	0	0	0	0	1	0	1	1	1
CRTAC1	0	0	0	0	1	0	0	0	1	1	1
CRTC1	1	0	0	0	0	0	0	0	1	1	1
CS	0	0	0	0	1	0	0	0	1	1	1
CSF1	0	0	0	0	1	0	0	0	1	1	1
CSMD1	0	0	0	0	1	0	0	0	1	1	1
CSN2	0	0	0	0	1	0	0	0	1	1	1
CSNK1A1L	1	0	0	0	0	0	0	0	1	1	1
CSNK1G1	0	0	0	0	1	0	0	0	1	1	1
CSRNP1	0	0	0	0	0	0	1	0	1	1	1
CSTF2T	0	0	0	0	1	0	0	0	1	1	1
CTAGE1	0	0	0	0	1	0	0	0	1	1	1
CTAGE9	0	0	0	0	1	0	0	0	1	1	1
CTC-429C10.2	0	0	0	0	0	0	1	0	1	1	1
CTDSP1	0	0	1	0	0	0	0	0	1	1	1
CTH	0	1	0	0	0	0	0	0	1	1	1
CTNNA3	0	0	0	0	1	0	0	0	1	1	1
CTNNAL1	0	0	0	0	0	0	1	0	1	1	1
CTPS2	0	0	0	0	1	0	0	0	1	1	1
CTR9	0	0	0	0	0	0	1	0	1	1	1
CTSO	0	0	0	0	1	0	0	0	1	1	1
CUTC	0	0	0	0	1	0	0	0	1	1	1
CWC27	0	1	0	0	0	0	0	0	1	1	1
CWF19L1	0	0	0	0	1	0	0	0	1	1	1
CXorf22	1	0	0	0	0	0	0	0	1	1	1
CYC1	1	0	0	0	0	0	0	0	1	1	1
CYFIP1	0	0	0	0	0	0	1	0	1	1	1
CYFIP2	0	0	0	0	0	0	1	0	1	1	1
CYP11B2	0	0	0	0	0	0	1	0	1	1	1
CYP2A6	1	0	0	0	0	0	0	0	1	1	1
CYP2C8	0	0	0	0	1	0	0	0	1	1	1
CYP2F1	0	0	0	0	1	0	0	0	1	1	1
CYP4A11	0	1	0	0	0	0	0	0	1	1	1
CYP4F22	0	0	0	0	1	0	0	0	1	1	1
CYP4Z1	1	0	0	0	0	0	0	0	1	1	1
CYSLTR1	0	1	0	0	0	0	0	0	1	1	1
DAAM1	0	0	0	0	0	0	1	0	1	1	1
DAPK1	0	0	0	0	1	0	0	0	1	1	1
DAXX	1	0	0	0	0	0	0	0	1	1	1
DBI	0	1	0	0	0	0	0	0	1	1	1
DBNDD1	0	0	0	0	1	0	0	0	1	1	1
DCAF11	0	0	0	0	1	0	0	0	1	1	1
DCDC1	1	0	0	0	0	0	0	0	1	1	1
DCLRE1C	1	0	0	0	0	0	0	0	1	1	1
DCTN4	0	0	0	0	0	0	1	0	1	1	1
DDHD1	0	0	0	0	1	0	0	0	1	1	1
DDR1	0	0	0	0	1	0	0	0	1	1	1
DDR2	0	0	0	0	1	0	0	0	1	1	1
DDX11	0	0	0	0	1	0	0	0	1	1	1
DDX23	1	0	0	0	0	0	0	0	1	1	1
DDX24	1	0	0	0	0	0	0	0	1	1	1
DDX3Y	0	0	0	0	1	0	0	0	1	1	1
DDX42	1	0	0	0	0	0	0	0	1	1	1
DDX47	0	0	1	0	0	0	0	0	1	1	1
DDX5	0	0	0	0	0	0	1	0	1	1	1
DDX58	0	1	0	0	0	0	0	0	1	1	1
DDX59	1	0	0	0	0	0	0	0	1	1	1
DEAF1	0	0	0	0	1	0	0	0	1	1	1
DEF8	0	0	0	0	0	0	1	0	1	1	1
DEFB129	0	0	0	0	1	0	0	0	1	1	1
DENND3	1	0	0	0	0	0	0	0	1	1	1
DENND4C	0	0	0	0	1	0	0	0	1	1	1
DENND5A	1	0	0	0	0	0	0	0	1	1	1
DEPDC1	0	0	0	0	0	0	1	0	1	1	1
DERL2	1	0	0	0	0	0	0	0	1	1	1
DFNB31	0	1	0	0	0	0	0	0	1	1	1
DGKA	0	0	0	0	0	0	1	0	1	1	1
DGKI	0	0	0	0	1	0	0	0	1	1	1
DHFR	1	0	0	0	0	0	0	0	1	1	1
DHX15	1	0	0	0	0	0	0	0	1	1	1
DHX32	0	0	0	0	1	0	0	0	1	1	1
DHX36	0	1	0	0	0	0	0	0	1	1	1
DHX38	1	0	0	0	0	0	0	0	1	1	1
DIP2A	0	0	0	0	1	0	0	0	1	1	1
DIP2B	0	0	0	0	1	0	0	0	1	1	1
DLG2	1	0	0	0	0	0	0	0	1	1	1
DLG4	0	0	0	0	1	0	0	0	1	1	1
DLL1	0	0	0	0	1	0	0	0	1	1	1
DLX6	1	0	0	0	0	0	0	0	1	1	1
DMWD	1	0	0	0	0	0	0	0	1	1	1
DNAH1	0	0	0	0	0	0	1	0	1	1	1
DNAH10	1	0	0	0	0	0	0	0	1	1	1
DNAH17	0	0	0	0	1	0	0	0	1	1	1
DNAH2	0	0	0	0	1	0	0	0	1	1	1
DNAH5	0	0	0	0	0	0	1	0	1	1	1
DNAH7	0	1	0	0	0	0	0	0	1	1	1
DNAH8	0	1	0	0	0	0	0	0	1	1	1
DNAJB4	0	1	0	0	0	0	0	0	1	1	1
DNAJC13	0	0	0	0	0	0	1	0	1	1	1
DNAJC2	0	1	0	0	0	0	0	0	1	1	1
DNMT1	0	0	0	0	1	0	0	0	1	1	1
DNMT3A	0	0	0	0	1	0	0	0	1	1	1
DOCK10	0	0	0	0	1	0	0	0	1	1	1
DOCK2	1	0	0	0	0	0	0	0	1	1	1
DOCK3	0	0	0	0	1	0	0	0	1	1	1
DOCK4	1	0	0	0	0	0	0	0	1	1	1
DOCK5	0	0	0	0	0	0	1	0	1	1	1
DOCK7	1	0	0	0	0	0	0	0	1	1	1
DPP10	0	0	0	0	1	0	0	0	1	1	1
DPP4	0	1	0	0	0	0	0	0	1	1	1
DPY19L2P2	0	0	0	0	0	0	1	0	1	1	1
DPYSL4	1	0	0	0	0	0	0	0	1	1	1
DRD3	0	1	0	0	0	0	0	0	1	1	1
DSCC1	0	0	1	0	0	0	0	0	1	1	1
DSP	1	0	0	0	0	0	0	0	1	1	1
DST	0	0	0	0	1	0	0	0	1	1	1
DTX2	0	1	0	0	0	0	0	0	1	1	1
DTYMK	0	0	0	0	1	0	0	0	1	1	1
DUOX2	0	0	0	0	1	0	0	0	1	1	1
DVL2	0	1	0	0	0	0	0	0	1	1	1
DYM	0	1	0	0	0	0	0	0	1	1	1
DYNC1LI2	0	0	0	0	0	0	1	0	1	1	1
DYTN	0	0	0	0	1	0	0	0	1	1	1
DZIP3	0	0	0	0	0	0	1	0	1	1	1
EBNA1BP2	0	0	1	0	0	0	0	0	1	1	1
EBP	0	0	0	0	0	0	1	0	1	1	1
ECE2	0	0	0	0	0	0	1	0	1	1	1
ECI1	0	0	0	0	1	0	0	0	1	1	1
ECI2	0	0	0	0	1	0	0	0	1	1	1
EDRF1	0	0	0	0	0	0	1	0	1	1	1
EEA1	1	0	0	0	0	0	0	0	1	1	1
EEF1G	0	0	0	0	1	0	0	0	1	1	1
EEF2	0	0	0	0	1	0	0	0	1	1	1
EEF2K	0	0	0	0	0	0	1	0	1	1	1
EEFSEC	1	0	0	0	0	0	0	0	1	1	1
EFHC1	1	0	0	0	0	0	0	0	1	1	1
EFNB3	1	0	0	0	0	0	0	0	1	1	1
EFR3A	0	0	0	0	1	0	0	0	1	1	1
EFTUD1	0	1	0	0	0	0	0	0	1	1	1
EHBP1	0	0	0	0	1	0	0	0	1	1	1
EHD2	0	0	1	0	0	0	0	0	1	1	1
EHHADH	1	0	0	0	0	0	0	0	1	1	1
EHMT1	1	0	0	0	0	0	0	0	1	1	1
EID3	1	0	0	0	0	0	0	0	1	1	1
EIF2B2	0	0	1	0	0	0	0	0	1	1	1
EIF3L	0	0	0	0	1	0	0	0	1	1	1
EIF4G1	0	1	0	0	0	0	0	0	1	1	1
EIF4G3	0	0	0	0	1	0	0	0	1	1	1
ELMSAN1	0	1	0	0	0	0	0	0	1	1	1
ELP2	0	0	0	0	0	0	1	0	1	1	1
EMC3	0	1	0	0	0	0	0	0	1	1	1
EMILIN1	1	0	0	0	0	0	0	0	1	1	1
ENAM	0	1	0	0	0	0	0	0	1	1	1
ENGASE	0	0	1	0	0	0	0	0	1	1	1
ENKD1	0	0	0	0	1	0	0	0	1	1	1
ENO1	0	0	0	0	0	0	1	0	1	1	1
ENOPH1	0	0	0	0	1	0	0	0	1	1	1
ENOX1	0	0	0	0	1	0	0	0	1	1	1
EPAS1	1	0	0	0	0	0	0	0	1	1	1
EPB41L4A	1	0	0	0	0	0	0	0	1	1	1
EPG5	0	0	0	0	1	0	0	0	1	1	1
EPHA1	0	0	0	0	1	0	0	0	1	1	1
EPHA10	0	0	0	0	1	0	0	0	1	1	1
EPHA3	0	0	0	0	0	0	1	0	1	1	1
EPHB1	0	0	0	0	1	0	0	0	1	1	1
EPM2AIP1	1	0	0	0	0	0	0	0	1	1	1
EPN1	1	0	0	0	0	0	0	0	1	1	1
EPS15	0	0	0	0	0	0	1	0	1	1	1
EQTN	0	0	1	0	0	0	0	0	1	1	1
ERBB3	0	0	0	0	1	0	0	0	1	1	1
ERBB4	0	0	0	0	1	0	0	0	1	1	1
ERCC6	1	0	0	0	0	0	0	0	1	1	1
ERMAP	0	0	0	0	1	0	0	0	1	1	1
ERMARD	0	0	0	0	1	0	0	0	1	1	1
ERN1	1	0	0	0	0	0	0	0	1	1	1
ESR1	0	0	0	0	1	0	0	0	1	1	1
ESRP1	0	0	0	0	1	0	0	0	1	1	1
ETAA1	1	0	0	0	0	0	0	0	1	1	1
ETF1	0	0	0	0	1	0	0	0	1	1	1
EVI5	1	0	0	0	0	0	0	0	1	1	1
EVPL	0	0	0	0	0	0	1	0	1	1	1
EXD2	0	0	0	0	1	0	0	0	1	1	1
EXOC1	0	1	0	0	0	0	0	0	1	1	1
EXOC4	0	1	0	0	0	0	0	0	1	1	1
EXOC5	1	0	0	0	0	0	0	0	1	1	1
EXOSC10	0	1	0	0	0	0	0	0	1	1	1
F8	0	1	0	0	0	0	0	0	1	1	1
FABP2	1	0	0	0	0	0	0	0	1	1	1
FABP4	1	0	0	0	0	0	0	0	1	1	1
FAM102B	0	0	1	0	0	0	0	0	1	1	1
FAM105A	1	0	0	0	0	0	0	0	1	1	1
FAM107B	0	1	0	0	0	0	0	0	1	1	1
FAM110C	0	0	0	0	1	0	0	0	1	1	1
FAM126B	0	0	0	0	1	0	0	0	1	1	1
FAM13C	0	0	0	0	0	0	1	0	1	1	1
FAM154B	1	0	0	0	0	0	0	0	1	1	1
FAM178A	0	1	0	0	0	0	0	0	1	1	1
FAM193A	1	0	0	0	0	0	0	0	1	1	1
FAM214A	0	0	0	0	0	0	0	1	1	1	1
FAM217B	1	0	0	0	0	0	0	0	1	1	1
FAM228A	0	0	0	0	1	0	0	0	1	1	1
FAM26E	0	1	0	0	0	0	0	0	1	1	1
FAM47A	0	0	0	0	1	0	0	0	1	1	1
FAM47B	0	0	1	0	0	0	0	0	1	1	1
FAM71A	0	0	0	0	1	0	0	0	1	1	1
FAM83B	0	0	0	0	0	0	0	1	1	1	1
FAM83H	1	0	0	0	0	0	0	0	1	1	1
FAM89B	0	0	0	0	1	0	0	0	1	1	1
FAM98A	0	0	0	0	1	0	0	0	1	1	1
FANCD2	0	0	0	0	1	0	0	0	1	1	1
FARSB	0	0	0	0	1	0	0	0	1	1	1
FASTKD2	1	0	0	0	0	0	0	0	1	1	1
FAT1	1	0	0	0	0	0	0	0	1	1	1
FAT2	1	0	0	0	0	0	0	0	1	1	1
FAT3	0	0	0	0	1	0	0	0	1	1	1
FBLN1	1	0	0	0	0	0	0	0	1	1	1
FBXO10	0	0	0	0	1	0	0	0	1	1	1
FBXO27	0	0	0	0	1	0	0	0	1	1	1
FBXO34	1	0	0	0	0	0	0	0	1	1	1
FBXO38	0	1	0	0	0	0	0	0	1	1	1
FBXO42	0	0	0	0	1	0	0	0	1	1	1
FBXO46	1	0	0	0	0	0	0	0	1	1	1
FBXO6	1	0	0	0	0	0	0	0	1	1	1
FBXW9	0	0	0	0	1	0	0	0	1	1	1
FCGBP	0	0	0	0	1	0	0	0	1	1	1
FCGR2B	0	0	0	0	1	0	0	0	1	1	1
FCHSD1	0	0	0	0	1	0	0	0	1	1	1
FCRL4	0	0	0	0	0	0	1	0	1	1	1
FER1L6	1	0	0	0	0	0	0	0	1	1	1
FGF7	0	0	0	0	1	0	0	0	1	1	1
FGFR1OP2	0	0	0	0	0	0	1	0	1	1	1
FGGY	0	0	0	0	0	0	1	0	1	1	1
FIP1L1	0	1	0	0	0	0	0	0	1	1	1
FITM2	1	0	0	0	0	0	0	0	1	1	1
FKBP4	0	0	0	0	0	0	1	0	1	1	1
FKTN	1	0	0	0	0	0	0	0	1	1	1
FLG	1	0	0	0	0	0	0	0	1	1	1
FLG2	1	0	0	0	0	0	0	0	1	1	1
FLII	0	0	1	0	0	0	0	0	1	1	1
FLT1	1	0	0	0	0	0	0	0	1	1	1
FLT3	0	0	0	0	0	0	1	0	1	1	1
FMN2	0	0	1	0	0	0	0	0	1	1	1
FMNL1	0	0	0	0	0	0	1	0	1	1	1
FMNL3	0	0	1	0	0	0	0	0	1	1	1
FMR1NB	0	1	0	0	0	0	0	0	1	1	1
FN1	0	0	0	0	1	0	0	0	1	1	1
FNIP2	0	0	0	0	1	0	0	0	1	1	1
FNTA	0	0	0	0	1	0	0	0	1	1	1
FOLR4	0	0	0	0	1	0	0	0	1	1	1
FOXD4L3	0	0	0	0	1	0	0	0	1	1	1
FOXP4	0	0	0	0	1	0	0	0	1	1	1
FPGS	0	0	0	0	0	0	1	0	1	1	1
FRG1	0	0	0	0	1	0	0	0	1	1	1
FRY	0	0	0	0	1	0	0	0	1	1	1
FSTL5	0	0	0	0	1	0	0	0	1	1	1
FTSJ3	1	0	0	0	0	0	0	0	1	1	1
FUCA1	0	0	0	0	1	0	0	0	1	1	1
FUCA2	0	0	0	0	1	0	0	0	1	1	1
FUK	0	0	0	0	1	0	0	0	1	1	1
FXR1	0	1	0	0	0	0	0	0	1	1	1
FYB	0	1	0	0	0	0	0	0	1	1	1
FZD2	0	0	0	0	1	0	0	0	1	1	1
FZD6	0	0	0	0	1	0	0	0	1	1	1
G3BP2	0	0	0	0	1	0	0	0	1	1	1
GABBR2	0	0	0	0	1	0	0	0	1	1	1
GABRA3	0	0	0	0	1	0	0	0	1	1	1
GAL3ST4	0	1	0	0	0	0	0	0	1	1	1
GALNT13	1	0	0	0	0	0	0	0	1	1	1
GALNT14	0	0	0	0	1	0	0	0	1	1	1
GAPDH	0	0	0	0	0	0	1	0	1	1	1
GART	0	0	0	0	1	0	0	0	1	1	1
GAST	0	0	0	0	1	0	0	0	1	1	1
GATAD2B	0	0	0	0	1	0	0	0	1	1	1
GATC	0	0	0	0	0	1	0	0	1	1	1
GBA2	0	0	0	0	1	0	0	0	1	1	1
GBF1	0	0	0	0	1	0	0	0	1	1	1
GCK	0	0	0	0	0	0	1	0	1	1	1
GDAP2	1	0	0	0	0	0	0	0	1	1	1
GDPD5	0	1	0	0	0	0	0	0	1	1	1
GEMIN4	1	0	0	0	0	0	0	0	1	1	1
GGA2	0	0	0	0	1	0	0	0	1	1	1
GGCX	1	0	0	0	0	0	0	0	1	1	1
GIGYF1	0	0	0	0	0	0	1	0	1	1	1
GIPC3	1	0	0	0	0	0	0	0	1	1	1
GJA5	0	0	0	0	1	0	0	0	1	1	1
GLE1	0	0	0	0	0	0	1	0	1	1	1
GLOD4	0	0	0	0	0	0	1	0	1	1	1
GLUL	0	0	0	0	0	0	1	0	1	1	1
GMPR	0	0	0	0	0	0	1	0	1	1	1
GMPR2	0	0	0	0	1	0	0	0	1	1	1
GNAZ	0	0	1	0	0	0	0	0	1	1	1
GNPNAT1	1	0	0	0	0	0	0	0	1	1	1
GNPTAB	0	1	0	0	0	0	0	0	1	1	1
GNRHR	0	0	0	0	1	0	0	0	1	1	1
GOLGA3	0	0	0	0	1	0	0	0	1	1	1
GOLGA4	0	0	1	0	0	0	0	0	1	1	1
GON4L	0	1	0	0	0	0	0	0	1	1	1
GPALPP1	0	0	0	0	0	0	1	0	1	1	1
GPAM	0	1	0	0	0	0	0	0	1	1	1
GPATCH1	0	0	0	0	0	0	1	0	1	1	1
GPATCH8	0	1	0	0	0	0	0	0	1	1	1
GPHN	0	0	0	0	1	0	0	0	1	1	1
GPR137C	0	0	0	0	1	0	0	0	1	1	1
GPR148	0	0	0	0	1	0	0	0	1	1	1
GPR156	0	0	0	0	0	0	1	0	1	1	1
GPR158	1	0	0	0	0	0	0	0	1	1	1
GPR37L1	0	0	0	0	0	0	1	0	1	1	1
GPR50	0	0	0	0	1	0	0	0	1	1	1
GPR64	0	1	0	0	0	0	0	0	1	1	1
GPS2	0	0	0	0	0	0	1	0	1	1	1
GRB14	1	0	0	0	0	0	0	0	1	1	1
GRHL3	0	0	0	0	1	0	0	0	1	1	1
GRIK1	0	0	0	0	1	0	0	0	1	1	1
GRIN2A	0	0	0	0	1	0	0	0	1	1	1
GRIN3A	0	0	0	0	1	0	0	0	1	1	1
GRM7	0	1	0	0	0	0	0	0	1	1	1
GRM8	0	0	0	0	1	0	0	0	1	1	1
GRWD1	0	1	0	0	0	0	0	0	1	1	1
GSE1	0	1	0	0	0	0	0	0	1	1	1
GSK3A	0	0	0	0	1	0	0	0	1	1	1
GSTT1	1	0	0	0	0	0	0	0	1	1	1
GTPBP10	0	1	0	0	0	0	0	0	1	1	1
GTSE1	1	0	0	0	0	0	0	0	1	1	1
GUCY2C	1	0	0	0	0	0	0	0	1	1	1
H3F3C	1	0	0	0	0	0	0	0	1	1	1
HARBI1	0	0	0	0	1	0	0	0	1	1	1
HARS	0	0	0	0	1	0	0	0	1	1	1
HAUS1	0	1	0	0	0	0	0	0	1	1	1
HCN1	0	0	0	0	0	0	1	0	1	1	1
HCN3	0	0	0	0	1	0	0	0	1	1	1
HDAC10	0	1	0	0	0	0	0	0	1	1	1
HDAC5	1	0	0	0	0	0	0	0	1	1	1
HDX	0	0	0	0	1	0	0	0	1	1	1
HEATR5B	0	1	0	0	0	0	0	0	1	1	1
HEATR6	0	0	0	0	0	0	1	0	1	1	1
HECTD2	0	0	0	0	0	0	1	0	1	1	1
HECTD4	1	0	0	0	0	0	0	0	1	1	1
HELQ	1	0	0	0	0	0	0	0	1	1	1
HEPH	0	0	0	0	1	0	0	0	1	1	1
HERC3	0	0	0	0	1	0	0	0	1	1	1
HEXB	0	0	0	1	0	0	0	0	1	1	1
HEXIM1	0	0	0	1	0	0	0	0	1	1	1
HFM1	0	0	0	0	1	0	0	0	1	1	1
HGD	0	0	0	0	0	0	1	0	1	1	1
HHAT	0	0	0	0	1	0	0	0	1	1	1
HID1	0	0	0	0	1	0	0	0	1	1	1
HINT2	1	0	0	0	0	0	0	0	1	1	1
HIPK1	0	0	0	0	1	0	0	0	1	1	1
HIRA	1	0	0	0	0	0	0	0	1	1	1
HIST1H2AC	0	0	1	0	0	0	0	0	1	1	1
HIST1H2BG	0	0	1	0	0	0	0	0	1	1	1
HIVEP1	1	0	0	0	0	0	0	0	1	1	1
HIVEP3	1	0	0	0	0	0	0	0	1	1	1
HK3	0	0	0	0	0	0	1	0	1	1	1
HLA-DQB2	0	0	0	0	0	0	1	0	1	1	1
HLA-DRB6	0	0	0	0	0	0	1	0	1	1	1
HMCN1	0	0	0	0	0	0	1	0	1	1	1
HMGB2	0	0	1	0	0	0	0	0	1	1	1
HMMR	0	0	0	0	1	0	0	0	1	1	1
HNRNPD	0	0	0	0	1	0	0	0	1	1	1
HNRNPUL1	0	0	0	0	1	0	0	0	1	1	1
HNRNPUL2	0	0	1	0	0	0	0	0	1	1	1
HOOK1	1	0	0	0	0	0	0	0	1	1	1
HORMAD1	1	0	0	0	0	0	0	0	1	1	1
HOXA3	0	0	0	0	1	0	0	0	1	1	1
HOXA9	0	0	0	0	1	0	0	0	1	1	1
HOXB2	0	0	0	0	1	0	0	0	1	1	1
HOXD9	0	0	0	0	1	0	0	0	1	1	1
HP1BP3	0	0	0	0	0	0	1	0	1	1	1
HRNR	0	0	0	0	1	0	0	0	1	1	1
HS6ST2	0	0	0	0	1	0	0	0	1	1	1
HSD11B1	0	0	0	0	0	0	1	0	1	1	1
HSD17B4	0	0	0	0	0	0	1	0	1	1	1
HSD3B1	0	0	0	0	1	0	0	0	1	1	1
HSP90AA1	0	0	0	0	1	0	0	0	1	1	1
HSP90AB1	1	0	0	0	0	0	0	0	1	1	1
HSPA4	1	0	0	0	0	0	0	0	1	1	1
HSPA4L	0	0	0	0	1	0	0	0	1	1	1
HSPA5	1	0	0	0	0	0	0	0	1	1	1
HSPA9	1	0	0	0	0	0	0	0	1	1	1
HSPH1	0	0	0	0	1	0	0	0	1	1	1
HTRA4	0	0	0	0	0	0	1	0	1	1	1
HTT	0	0	0	0	0	0	1	0	1	1	1
HUS1	0	0	0	0	1	0	0	0	1	1	1
HYDIN	0	0	0	0	1	0	0	0	1	1	1
HYPK	0	0	0	0	0	1	0	0	1	1	1
IBTK	0	0	0	0	0	0	1	0	1	1	1
ICAM3	0	1	0	0	0	0	0	0	1	1	1
IDE	1	0	0	0	0	0	0	0	1	1	1
IDI2	0	0	0	0	0	0	1	0	1	1	1
IFI16	0	0	0	0	1	0	0	0	1	1	1
IFNA16	1	0	0	0	0	0	0	0	1	1	1
IFT122	0	0	0	0	1	0	0	0	1	1	1
IFT140	0	0	0	0	1	0	0	0	1	1	1
IFT172	1	0	0	0	0	0	0	0	1	1	1
IFT81	1	0	0	0	0	0	0	0	1	1	1
IFT88	0	0	0	0	0	0	1	0	1	1	1
IGDCC4	0	0	0	0	1	0	0	0	1	1	1
IGF2BP1	1	0	0	0	0	0	0	0	1	1	1
IGHMBP2	0	0	0	0	1	0	0	0	1	1	1
IGHV2-70	0	0	0	0	1	0	0	0	1	1	1
IGKV1D-16	0	0	0	0	1	0	0	0	1	1	1
IGKV2D-30	0	0	0	0	0	0	0	1	1	1	1
IGKV3-7	0	0	0	0	1	0	0	0	1	1	1
IGKV3D-20	0	0	0	0	1	0	0	0	1	1	1
IGLV3-22	0	0	0	0	1	0	0	0	1	1	1
IGSF1	0	0	0	0	1	0	0	0	1	1	1
IGSF22	0	0	0	0	0	0	1	0	1	1	1
IKBIP	1	0	0	0	0	0	0	0	1	1	1
IKZF1	1	0	0	0	0	0	0	0	1	1	1
IKZF3	0	0	0	0	0	0	1	0	1	1	1
IL12A	0	0	0	0	0	0	1	0	1	1	1
IL17RA	1	0	0	0	0	0	0	0	1	1	1
IL24	0	0	0	0	1	0	0	0	1	1	1
IL2RB	0	0	0	0	1	0	0	0	1	1	1
IL31RA	0	0	0	0	1	0	0	0	1	1	1
IL4R	0	0	0	0	1	0	0	0	1	1	1
IL7	0	1	0	0	0	0	0	0	1	1	1
IL9	0	0	0	0	0	0	1	0	1	1	1
IMPACT	0	0	0	0	0	0	1	0	1	1	1
INHA	0	0	0	0	1	0	0	0	1	1	1
INHBC	0	0	0	0	1	0	0	0	1	1	1
INO80	0	1	0	0	0	0	0	0	1	1	1
INTU	0	1	0	0	0	0	0	0	1	1	1
IPO11	0	0	0	0	0	0	1	0	1	1	1
IPO4	0	0	0	0	1	0	0	0	1	1	1
IQCF2	0	0	0	0	1	0	0	0	1	1	1
IQCF3	0	0	0	0	1	0	0	0	1	1	1
IQGAP1	0	0	0	0	1	0	0	0	1	1	1
IQGAP3	0	0	0	0	1	0	0	0	1	1	1
IRAK4	0	0	0	0	0	0	1	0	1	1	1
IREB2	1	0	0	0	0	0	0	0	1	1	1
IRF2	1	0	0	0	0	0	0	0	1	1	1
IRF6	1	0	0	0	0	0	0	0	1	1	1
IRS1	1	0	0	0	0	0	0	0	1	1	1
IRS4	1	0	0	0	0	0	0	0	1	1	1
ITGA10	0	0	0	0	1	0	0	0	1	1	1
ITGA11	0	0	0	0	1	0	0	0	1	1	1
ITGAM	0	0	0	0	1	0	0	0	1	1	1
ITGAV	1	0	0	0	0	0	0	0	1	1	1
ITPR1	1	0	0	0	0	0	0	0	1	1	1
ITSN1	1	0	0	0	0	0	0	0	1	1	1
ITSN2	0	0	0	0	1	0	0	0	1	1	1
IVNS1ABP	0	0	0	0	1	0	0	0	1	1	1
JAG2	1	0	0	0	0	0	0	0	1	1	1
JAK1	0	0	0	0	1	0	0	0	1	1	1
JAKMIP3	0	0	0	0	0	0	1	0	1	1	1
JMJD1C	0	0	0	0	1	0	0	0	1	1	1
JPH1	0	0	0	0	1	0	0	0	1	1	1
KANK4	1	0	0	0	0	0	0	0	1	1	1
KANSL1	0	0	0	0	1	0	0	0	1	1	1
KANSL1L	0	0	0	0	0	0	1	0	1	1	1
KAT6A	0	0	0	0	0	0	1	0	1	1	1
KCNAB1	0	0	0	0	1	0	0	0	1	1	1
KCNC1	0	0	0	0	1	0	0	0	1	1	1
KCND3	0	0	0	0	1	0	0	0	1	1	1
KCNH3	0	0	0	0	0	0	1	0	1	1	1
KCNH5	0	0	0	0	1	0	0	0	1	1	1
KCNH7	0	0	0	0	1	0	0	0	1	1	1
KCNJ6	0	0	0	0	1	0	0	0	1	1	1
KCNK18	0	0	0	0	1	0	0	0	1	1	1
KCNK6	0	0	0	0	0	0	1	0	1	1	1
KCNMB2	0	1	0	0	0	0	0	0	1	1	1
KCNQ1	0	0	0	0	0	0	1	0	1	1	1
KCNQ2	1	0	0	0	0	0	0	0	1	1	1
KCNQ5	1	0	0	0	0	0	0	0	1	1	1
KCNT1	1	0	0	0	0	0	0	0	1	1	1
KCNU1	0	1	0	0	0	0	0	0	1	1	1
KCNV1	0	0	0	0	1	0	0	0	1	1	1
KCTD19	1	0	0	0	0	0	0	0	1	1	1
KCTD3	1	0	0	0	0	0	0	0	1	1	1
KDM3B	0	0	0	0	1	0	0	0	1	1	1
KDM6B	1	0	0	0	0	0	0	0	1	1	1
KDM7A	1	0	0	0	0	0	0	0	1	1	1
KHDRBS3	1	0	0	0	0	0	0	0	1	1	1
KIAA0141	0	0	0	0	1	0	0	0	1	1	1
KIAA0195	1	0	0	0	0	0	0	0	1	1	1
KIAA0247	1	0	0	0	0	0	0	0	1	1	1
KIAA0355	0	0	0	0	1	0	0	0	1	1	1
KIAA0513	0	0	0	0	0	0	1	0	1	1	1
KIAA0556	0	0	0	0	1	0	0	0	1	1	1
KIAA0753	0	0	0	0	0	0	1	0	1	1	1
KIAA0754	0	0	0	0	1	0	0	0	1	1	1
KIAA0907	0	0	0	0	0	0	1	0	1	1	1
KIAA0922	0	0	0	0	0	0	1	0	1	1	1
KIAA0947	1	0	0	0	0	0	0	0	1	1	1
KIAA1109	1	0	0	0	0	0	0	0	1	1	1
KIAA1210	0	0	0	0	1	0	0	0	1	1	1
KIAA1211	0	0	0	0	1	0	0	0	1	1	1
KIAA1257	1	0	0	0	0	0	0	0	1	1	1
KIAA1429	0	0	0	0	1	0	0	0	1	1	1
KIAA1430	0	0	0	0	0	0	1	0	1	1	1
KIAA1598	0	0	0	0	1	0	0	0	1	1	1
KIAA1755	1	0	0	0	0	0	0	0	1	1	1
KIDINS220	0	0	0	0	0	0	1	0	1	1	1
KIF13B	0	0	0	0	0	0	1	0	1	1	1
KIF17	1	0	0	0	0	0	0	0	1	1	1
KIF22	0	0	0	0	0	0	1	0	1	1	1
KIF2A	1	0	0	0	0	0	0	0	1	1	1
KIF2C	0	0	0	0	1	0	0	0	1	1	1
KIF3B	0	0	0	0	1	0	0	0	1	1	1
KIFAP3	0	0	0	0	1	0	0	0	1	1	1
KIN	1	0	0	0	0	0	0	0	1	1	1
KIT	0	0	0	0	1	0	0	0	1	1	1
KLC1	0	0	0	0	0	0	1	0	1	1	1
KLF5	1	0	0	0	0	0	0	0	1	1	1
KLHL2	0	0	0	0	0	0	1	0	1	1	1
KLHL7	1	0	0	0	0	0	0	0	1	1	1
KLHL9	1	0	0	0	0	0	0	0	1	1	1
KLK1	1	0	0	0	0	0	0	0	1	1	1
KLK12	0	0	0	0	1	0	0	0	1	1	1
KLK14	0	0	0	0	1	0	0	0	1	1	1
KLK2	1	0	0	0	0	0	0	0	1	1	1
KLK8	0	1	0	0	0	0	0	0	1	1	1
KMT2B	1	0	0	0	0	0	0	0	1	1	1
KMT2E	1	0	0	0	0	0	0	0	1	1	1
KPNA5	0	0	0	0	1	0	0	0	1	1	1
KRBA1	0	0	0	0	1	0	0	0	1	1	1
KRBA2	0	0	0	0	1	0	0	0	1	1	1
KREMEN2	0	0	0	0	0	0	0	1	1	1	1
KRIT1	0	0	0	0	0	0	1	0	1	1	1
KRT16	0	0	0	0	1	0	0	0	1	1	1
KRT25	0	0	0	0	1	0	0	0	1	1	1
KRT4	0	0	0	0	1	0	0	0	1	1	1
KRT75	0	0	0	0	0	0	1	0	1	1	1
KRT78	1	0	0	0	0	0	0	0	1	1	1
KRT79	0	0	0	0	1	0	0	0	1	1	1
KRT84	0	0	0	0	1	0	0	0	1	1	1
KRT85	0	0	0	0	0	0	1	0	1	1	1
KRT86	0	0	0	0	0	0	1	0	1	1	1
KRTAP1-3	0	0	0	0	1	0	0	0	1	1	1
KRTAP19-7	0	0	0	0	1	0	0	0	1	1	1
KYNU	0	0	0	0	1	0	0	0	1	1	1
L1CAM	0	0	0	0	0	0	1	0	1	1	1
LAIR1	0	0	0	0	1	0	0	0	1	1	1
LAMA1	0	0	0	0	1	0	0	0	1	1	1
LAMTOR5	0	0	0	0	0	1	0	0	1	1	1
LANCL1	0	0	0	0	1	0	0	0	1	1	1
LARP1B	0	0	0	0	1	0	0	0	1	1	1
LARP4	0	0	0	0	1	0	0	0	1	1	1
LARP4B	1	0	0	0	0	0	0	0	1	1	1
LCE1F	0	0	0	1	0	0	0	0	1	1	1
LCE2D	1	0	0	0	0	0	0	0	1	1	1
LCE3E	0	0	0	0	1	0	0	0	1	1	1
LCORL	1	0	0	0	0	0	0	0	1	1	1
LCP2	1	0	0	0	0	0	0	0	1	1	1
LDOC1L	0	0	0	0	1	0	0	0	1	1	1
LGALS13	1	0	0	0	0	0	0	0	1	1	1
LHCGR	0	0	0	0	1	0	0	0	1	1	1
LHFPL3	1	0	0	0	0	0	0	0	1	1	1
LILRA6	0	0	0	0	0	0	1	0	1	1	1
LILRB5	0	0	0	0	1	0	0	0	1	1	1
LIMCH1	0	0	0	0	1	0	0	0	1	1	1
LINC01098	0	0	0	0	1	0	0	0	1	1	1
LIPC	0	0	0	0	1	0	0	0	1	1	1
LIPG	1	0	0	0	0	0	0	0	1	1	1
LIPI	0	0	0	0	1	0	0	0	1	1	1
LLGL1	0	1	0	0	0	0	0	0	1	1	1
LMAN1L	1	0	0	0	0	0	0	0	1	1	1
LMAN2	1	0	0	0	0	0	0	0	1	1	1
LMNA	1	0	0	0	0	0	0	0	1	1	1
LMTK3	1	0	0	0	0	0	0	0	1	1	1
LNPEP	0	0	0	0	1	0	0	0	1	1	1
LPA	0	0	0	0	1	0	0	0	1	1	1
LPHN2	0	0	1	0	0	0	0	0	1	1	1
LPHN3	0	0	0	0	1	0	0	0	1	1	1
LPIN1	0	0	0	0	1	0	0	0	1	1	1
LPP	0	0	1	0	0	0	0	0	1	1	1
LPPR3	0	1	0	0	0	0	0	0	1	1	1
LRBA	0	0	0	0	0	0	1	0	1	1	1
LRFN4	1	0	0	0	0	0	0	0	1	1	1
LRIG1	1	0	0	0	0	0	0	0	1	1	1
LRP1	0	0	0	0	1	0	0	0	1	1	1
LRRC41	1	0	0	0	0	0	0	0	1	1	1
LRRC61	0	0	0	0	1	0	0	0	1	1	1
LRRC66	0	0	0	0	1	0	0	0	1	1	1
LRRC7	0	0	0	0	1	0	0	0	1	1	1
LRRC8B	0	0	0	0	1	0	0	0	1	1	1
LRRC8D	0	0	0	0	1	0	0	0	1	1	1
LRRIQ1	0	1	0	0	0	0	0	0	1	1	1
LRRIQ3	0	0	0	0	0	0	1	0	1	1	1
LRRK1	0	0	1	0	0	0	0	0	1	1	1
LRRK2	0	0	0	0	0	0	1	0	1	1	1
LRRN3	0	1	0	0	0	0	0	0	1	1	1
LRRTM1	1	0	0	0	0	0	0	0	1	1	1
LRRTM2	0	0	0	0	1	0	0	0	1	1	1
LSM14A	0	1	0	0	0	0	0	0	1	1	1
LSMD1	0	0	0	0	0	0	0	1	1	1	1
LSS	0	0	0	0	1	0	0	0	1	1	1
LTBP1	0	0	0	0	0	0	1	0	1	1	1
LTBP4	0	0	0	0	1	0	0	0	1	1	1
LUZP1	0	0	0	0	1	0	0	0	1	1	1
LYPLAL1	0	0	0	0	1	0	0	0	1	1	1
LYSMD4	0	0	0	0	1	0	0	0	1	1	1
LZTR1	0	0	0	0	0	0	1	0	1	1	1
M6PR	0	0	0	0	1	0	0	0	1	1	1
MAGEB2	1	0	0	0	0	0	0	0	1	1	1
MAGEC3	1	0	0	0	0	0	0	0	1	1	1
MAGOH	1	0	0	0	0	0	0	0	1	1	1
MAL2	0	0	0	0	1	0	0	0	1	1	1
MAN2A1	1	0	0	0	0	0	0	0	1	1	1
MAN2A2	1	0	0	0	0	0	0	0	1	1	1
MAN2B2	1	0	0	0	0	0	0	0	1	1	1
MAOA	1	0	0	0	0	0	0	0	1	1	1
MAP1A	0	0	0	0	1	0	0	0	1	1	1
MAP2K6	0	0	0	0	1	0	0	0	1	1	1
MAP2K7	1	0	0	0	0	0	0	0	1	1	1
MAP3K1	0	0	0	0	0	0	1	0	1	1	1
MAP3K11	1	0	0	0	0	0	0	0	1	1	1
MAP3K12	0	0	0	0	0	0	1	0	1	1	1
MAP3K13	0	0	0	0	1	0	0	0	1	1	1
MAP3K7	0	0	1	0	0	0	0	0	1	1	1
MAP3K9	0	0	0	0	1	0	0	0	1	1	1
MAP4K2	0	0	0	0	0	0	1	0	1	1	1
MAPKAPK3	1	0	0	0	0	0	0	0	1	1	1
MAPKBP1	0	0	0	0	0	0	1	0	1	1	1
MAPRE1	1	0	0	0	0	0	0	0	1	1	1
MARK4	0	1	0	0	0	0	0	0	1	1	1
MAST1	0	0	0	0	1	0	0	0	1	1	1
MAT1A	0	0	0	0	1	0	0	0	1	1	1
MB21D2	0	0	0	0	1	0	0	0	1	1	1
MBIP	1	0	0	0	0	0	0	0	1	1	1
MCCC1	0	0	0	0	1	0	0	0	1	1	1
MCM3AP	1	0	0	0	0	0	0	0	1	1	1
MCM7	0	0	0	0	1	0	0	0	1	1	1
MCOLN3	0	0	1	0	0	0	0	0	1	1	1
MCTP1	0	0	0	0	0	0	1	0	1	1	1
MDC1	1	0	0	0	0	0	0	0	1	1	1
ME1	0	0	0	0	0	0	1	0	1	1	1
MECOM	1	0	0	0	0	0	0	0	1	1	1
MED12L	0	0	0	0	0	0	1	0	1	1	1
MED17	1	0	0	0	0	0	0	0	1	1	1
MED26	1	0	0	0	0	0	0	0	1	1	1
MEGF10	0	0	0	0	0	0	1	0	1	1	1
MEGF11	0	0	0	0	1	0	0	0	1	1	1
MEIS2	0	0	0	0	1	0	0	0	1	1	1
MEPCE	0	0	0	0	1	0	0	0	1	1	1
MERTK	0	0	0	0	1	0	0	0	1	1	1
MEST	1	0	0	0	0	0	0	0	1	1	1
METTL13	0	0	0	0	1	0	0	0	1	1	1
METTL25	1	0	0	0	0	0	0	0	1	1	1
MFN1	1	0	0	0	0	0	0	0	1	1	1
MFN2	0	0	0	0	0	0	1	0	1	1	1
MGAT4B	0	0	0	0	1	0	0	0	1	1	1
MIB1	0	1	0	0	0	0	0	0	1	1	1
MICAL3	0	0	1	0	0	0	0	0	1	1	1
MIEF1	0	0	0	0	0	0	1	0	1	1	1
MIER1	0	0	0	0	1	0	0	0	1	1	1
MIS12	1	0	0	0	0	0	0	0	1	1	1
MKRN1	1	0	0	0	0	0	0	0	1	1	1
MLF2	0	0	0	0	1	0	0	0	1	1	1
MLH3	0	1	0	0	0	0	0	0	1	1	1
MLK4	0	0	1	0	0	0	0	0	1	1	1
MLLT10	1	0	0	0	0	0	0	0	1	1	1
MMP11	1	0	0	0	0	0	0	0	1	1	1
MMP19	0	0	0	0	0	0	1	0	1	1	1
MMP20	1	0	0	0	0	0	0	0	1	1	1
MNS1	0	0	0	0	1	0	0	0	1	1	1
MOGAT2	0	0	0	0	1	0	0	0	1	1	1
MON1B	1	0	0	0	0	0	0	0	1	1	1
MORC3	1	0	0	0	0	0	0	0	1	1	1
MOSPD3	1	0	0	0	0	0	0	0	1	1	1
MOV10	0	0	0	0	1	0	0	0	1	1	1
MOV10L1	1	0	0	0	0	0	0	0	1	1	1
MRPL47	0	0	0	0	1	0	0	0	1	1	1
MRPS2	0	0	0	0	0	0	1	0	1	1	1
MRPS9	0	0	0	0	0	0	1	0	1	1	1
MSGN1	0	0	0	0	1	0	0	0	1	1	1
MSH2	0	1	0	0	0	0	0	0	1	1	1
MSH4	0	0	0	0	0	0	1	0	1	1	1
MSH5	0	1	0	0	0	0	0	0	1	1	1
MSH6	1	0	0	0	0	0	0	0	1	1	1
MSTN	0	1	0	0	0	0	0	0	1	1	1
MTHFD1L	1	0	0	0	0	0	0	0	1	1	1
MTIF3	0	0	0	0	1	0	0	0	1	1	1
MTL5	0	0	0	0	1	0	0	0	1	1	1
MTM1	0	0	0	0	1	0	0	0	1	1	1
MTMR2	0	0	0	0	1	0	0	0	1	1	1
MTMR9	0	0	0	0	1	0	0	0	1	1	1
MTUS1	0	0	0	0	1	0	0	0	1	1	1
MUC17	0	0	0	0	1	0	0	0	1	1	1
MUC3A	0	0	0	0	0	0	1	0	1	1	1
MUC6	0	0	0	0	1	0	0	0	1	1	1
MXD3	0	0	0	0	1	0	0	0	1	1	1
MXI1	0	0	0	0	1	0	0	0	1	1	1
MXRA5	0	1	0	0	0	0	0	0	1	1	1
MXRA8	1	0	0	0	0	0	0	0	1	1	1
MYCBP2	0	0	0	0	0	0	1	0	1	1	1
MYCN	1	0	0	0	0	0	0	0	1	1	1
MYCT1	0	0	0	0	1	0	0	0	1	1	1
MYEOV	1	0	0	0	0	0	0	0	1	1	1
MYH11	0	0	0	0	1	0	0	0	1	1	1
MYH14	0	0	0	0	1	0	0	0	1	1	1
MYH2	0	0	0	0	0	0	1	0	1	1	1
MYH9	0	0	0	0	1	0	0	0	1	1	1
MYLIP	0	0	0	0	0	0	1	0	1	1	1
MYLK3	1	0	0	0	0	0	0	0	1	1	1
MYLK4	0	0	0	0	1	0	0	0	1	1	1
MYO10	0	0	0	0	1	0	0	0	1	1	1
MYO15A	0	0	1	0	0	0	0	0	1	1	1
MYO18B	0	0	0	0	0	0	1	0	1	1	1
MYO1H	0	0	0	0	0	0	1	0	1	1	1
MYO6	0	0	0	0	0	0	1	0	1	1	1
MYOF	1	0	0	0	0	0	0	0	1	1	1
MYOM1	0	0	0	0	1	0	0	0	1	1	1
MYT1L	1	0	0	0	0	0	0	0	1	1	1
N4BP2	0	0	0	0	1	0	0	0	1	1	1
NAA15	0	0	0	0	0	0	1	0	1	1	1
NAA25	0	0	1	0	0	0	0	0	1	1	1
NAE1	0	0	0	0	1	0	0	0	1	1	1
NARG2	1	0	0	0	0	0	0	0	1	1	1
NARS2	0	0	0	0	1	0	0	0	1	1	1
NAT9	1	0	0	0	0	0	0	0	1	1	1
NBEAL1	0	0	0	0	1	0	0	0	1	1	1
NBN	0	0	0	0	1	0	0	0	1	1	1
NBPF1	0	0	0	0	0	0	0	1	1	1	1
NCAPG2	0	0	0	0	1	0	0	0	1	1	1
NCF1	1	0	0	0	0	0	0	0	1	1	1
NCKAP5L	0	0	0	0	1	0	0	0	1	1	1
NCOA4	0	0	0	0	1	0	0	0	1	1	1
NCOA6	1	0	0	0	0	0	0	0	1	1	1
NDRG1	0	0	0	0	1	0	0	0	1	1	1
NDST2	0	0	0	0	1	0	0	0	1	1	1
NDST3	0	0	0	0	1	0	0	0	1	1	1
NDUFA1	0	0	0	0	0	0	1	0	1	1	1
NDUFAF6	0	0	0	0	1	0	0	0	1	1	1
NEB	1	0	0	0	0	0	0	0	1	1	1
NEO1	0	0	0	0	0	0	1	0	1	1	1
NETO1	0	0	0	0	1	0	0	0	1	1	1
NEU2	0	0	0	0	0	0	1	0	1	1	1
NEU4	0	0	0	0	1	0	0	0	1	1	1
NEURL4	1	0	0	0	0	0	0	0	1	1	1
NEUROD2	0	0	1	0	0	0	0	0	1	1	1
NEUROD6	1	0	0	0	0	0	0	0	1	1	1
NF1	1	0	0	0	0	0	0	0	1	1	1
NFATC3	0	0	0	0	1	0	0	0	1	1	1
NFIB	0	0	0	0	0	0	1	0	1	1	1
NFIL3	0	0	0	0	1	0	0	0	1	1	1
NFKBIZ	0	0	0	0	0	0	1	0	1	1	1
NGLY1	0	0	0	0	1	0	0	0	1	1	1
NHS	1	0	0	0	0	0	0	0	1	1	1
NIP7	0	0	0	0	1	0	0	0	1	1	1
NKX2-1	0	0	0	0	1	0	0	0	1	1	1
NKX3-1	1	0	0	0	0	0	0	0	1	1	1
NLRP14	0	0	0	0	1	0	0	0	1	1	1
NLRP3	0	0	0	0	1	0	0	0	1	1	1
NLRP4	1	0	0	0	0	0	0	0	1	1	1
NLRP8	0	1	0	0	0	0	0	0	1	1	1
NME5	0	0	0	0	1	0	0	0	1	1	1
NMI	0	0	0	0	1	0	0	0	1	1	1
NMUR1	1	0	0	0	0	0	0	0	1	1	1
NOA1	0	0	0	0	1	0	0	0	1	1	1
NOD1	0	0	0	0	0	0	1	0	1	1	1
NOL4	0	0	0	0	1	0	0	0	1	1	1
NOL9	0	0	0	0	1	0	0	0	1	1	1
NOM1	0	1	0	0	0	0	0	0	1	1	1
NOMO3	0	0	0	0	0	0	1	0	1	1	1
NOP16	0	0	0	0	0	0	1	0	1	1	1
NOX3	1	0	0	0	0	0	0	0	1	1	1
NOX4	0	1	0	0	0	0	0	0	1	1	1
NPEPPS	0	0	0	0	1	0	0	0	1	1	1
NPHP1	0	0	0	0	1	0	0	0	1	1	1
NPHP4	0	0	0	0	0	0	1	0	1	1	1
NR1D2	1	0	0	0	0	0	0	0	1	1	1
NR1I2	1	0	0	0	0	0	0	0	1	1	1
NR1I3	0	0	0	0	0	0	1	0	1	1	1
NRCAM	1	0	0	0	0	0	0	0	1	1	1
NRG1	0	0	0	0	1	0	0	0	1	1	1
NRG2	1	0	0	0	0	0	0	0	1	1	1
NRXN1	1	0	0	0	0	0	0	0	1	1	1
NSL1	0	1	0	0	0	0	0	0	1	1	1
NT5DC3	1	0	0	0	0	0	0	0	1	1	1
NTM	0	0	0	0	0	0	1	0	1	1	1
NTRK1	0	0	1	0	0	0	0	0	1	1	1
NUDT12	1	0	0	0	0	0	0	0	1	1	1
NUMA1	1	0	0	0	0	0	0	0	1	1	1
NUP210	0	0	0	0	0	0	1	0	1	1	1
NUP85	0	0	0	0	1	0	0	0	1	1	1
NXF3	0	0	0	0	1	0	0	0	1	1	1
NXN	0	0	0	0	1	0	0	0	1	1	1
NXPH2	0	0	1	0	0	0	0	0	1	1	1
OASL	0	1	0	0	0	0	0	0	1	1	1
OBSL1	1	0	0	0	0	0	0	0	1	1	1
OC90	0	0	0	0	1	0	0	0	1	1	1
OLFM2	1	0	0	0	0	0	0	0	1	1	1
OLFML2A	1	0	0	0	0	0	0	0	1	1	1
OMD	1	0	0	0	0	0	0	0	1	1	1
OMP	1	0	0	0	0	0	0	0	1	1	1
OPN3	0	0	0	0	1	0	0	0	1	1	1
OR10A3	0	0	0	0	1	0	0	0	1	1	1
OR10G3	0	1	0	0	0	0	0	0	1	1	1
OR10R2	0	0	0	0	0	1	0	0	1	1	1
OR10X1	1	0	0	0	0	0	0	0	1	1	1
OR13C5	0	0	0	0	1	0	0	0	1	1	1
OR2AE1	0	0	0	0	1	0	0	0	1	1	1
OR2B11	0	0	0	0	0	0	0	1	1	1	1
OR2B2	0	0	0	0	1	0	0	0	1	1	1
OR2V2	1	0	0	0	0	0	0	0	1	1	1
OR4C11	1	0	0	0	0	0	0	0	1	1	1
OR4F6	0	0	1	0	0	0	0	0	1	1	1
OR4P4	0	1	0	0	0	0	0	0	1	1	1
OR51D1	1	0	0	0	0	0	0	0	1	1	1
OR56A4	1	0	0	0	0	0	0	0	1	1	1
OR5B2	0	0	0	0	1	0	0	0	1	1	1
OR5D16	0	0	0	0	1	0	0	0	1	1	1
OR5F1	0	1	0	0	0	0	0	0	1	1	1
OR6C65	1	0	0	0	0	0	0	0	1	1	1
OR6K2	0	1	0	0	0	0	0	0	1	1	1
OR7A5	0	0	0	0	0	1	0	0	1	1	1
OR8A1	1	0	0	0	0	0	0	0	1	1	1
OR8K5	0	0	0	0	1	0	0	0	1	1	1
ORC1	1	0	0	0	0	0	0	0	1	1	1
OSER1	1	0	0	0	0	0	0	0	1	1	1
OTC	0	1	0	0	0	0	0	0	1	1	1
OTOF	0	0	0	0	1	0	0	0	1	1	1
OTOP2	0	0	0	0	1	0	0	0	1	1	1
OTUB1	0	0	0	0	1	0	0	0	1	1	1
OVOL2	1	0	0	0	0	0	0	0	1	1	1
P2RX5	1	0	0	0	0	0	0	0	1	1	1
P2RY2	0	0	0	0	1	0	0	0	1	1	1
P4HA2	0	0	0	0	1	0	0	0	1	1	1
PACS1	0	1	0	0	0	0	0	0	1	1	1
PAF1	0	0	0	0	1	0	0	0	1	1	1
PAK3	0	0	0	0	1	0	0	0	1	1	1
PALM2-AKAP2	1	0	0	0	0	0	0	0	1	1	1
PAN2	0	0	0	0	1	0	0	0	1	1	1
PAPD7	1	0	0	0	0	0	0	0	1	1	1
PARP4	0	0	0	0	1	0	0	0	1	1	1
PARVG	1	0	0	0	0	0	0	0	1	1	1
PASD1	0	0	0	0	1	0	0	0	1	1	1
PAX6	0	0	0	0	1	0	0	0	1	1	1
PAX9	0	0	0	0	1	0	0	0	1	1	1
PAXBP1	0	1	0	0	0	0	0	0	1	1	1
PCDH15	0	0	0	0	0	0	1	0	1	1	1
PCDH18	0	0	0	0	1	0	0	0	1	1	1
PCDHA8	0	0	0	0	1	0	0	0	1	1	1
PCDHAC1	0	0	0	0	1	0	0	0	1	1	1
PCDHB1	0	0	0	0	1	0	0	0	1	1	1
PCDHB14	0	0	0	0	1	0	0	0	1	1	1
PCDHB15	1	0	0	0	0	0	0	0	1	1	1
PCDHB5	0	0	0	0	1	0	0	0	1	1	1
PCDHGA5	0	0	0	0	0	0	0	1	1	1	1
PCDHGA6	1	0	0	0	0	0	0	0	1	1	1
PCDHGB3	1	0	0	0	0	0	0	0	1	1	1
PCNA	0	0	0	0	0	0	1	0	1	1	1
PCP2	1	0	0	0	0	0	0	0	1	1	1
PCP4	0	0	0	0	0	1	0	0	1	1	1
PCSK2	0	0	0	0	1	0	0	0	1	1	1
PCSK6	0	0	0	0	0	0	1	0	1	1	1
PDE10A	0	0	0	0	1	0	0	0	1	1	1
PDE4DIP	0	0	0	1	0	0	0	0	1	1	1
PDE8A	1	0	0	0	0	0	0	0	1	1	1
PDE9A	0	0	0	0	1	0	0	0	1	1	1
PDHA2	0	0	0	0	1	0	0	0	1	1	1
PDLIM7	0	0	0	0	1	0	0	0	1	1	1
PDS5A	0	1	0	0	0	0	0	0	1	1	1
PDS5B	1	0	0	0	0	0	0	0	1	1	1
PDZD2	0	1	0	0	0	0	0	0	1	1	1
PDZD4	1	0	0	0	0	0	0	0	1	1	1
PDZRN3	0	1	0	0	0	0	0	0	1	1	1
PER2	0	0	0	0	1	0	0	0	1	1	1
PEX12	0	1	0	0	0	0	0	0	1	1	1
PEX16	0	0	0	0	1	0	0	0	1	1	1
PEX2	0	0	0	0	1	0	0	0	1	1	1
PEX3	0	0	0	0	1	0	0	0	1	1	1
PEX5	0	1	0	0	0	0	0	0	1	1	1
PFKP	0	0	0	0	0	0	1	0	1	1	1
PFN1	0	0	1	0	0	0	0	0	1	1	1
PGK1	0	0	0	0	1	0	0	0	1	1	1
PGK2	0	0	0	0	1	0	0	0	1	1	1
PGR	0	0	0	0	1	0	0	0	1	1	1
PHACTR1	1	0	0	0	0	0	0	0	1	1	1
PHF10	0	0	0	0	1	0	0	0	1	1	1
PHF20	0	0	0	0	0	0	1	0	1	1	1
PHF3	1	0	0	0	0	0	0	0	1	1	1
PHYH	0	0	0	0	0	0	1	0	1	1	1
PI15	1	0	0	0	0	0	0	0	1	1	1
PI4K2A	0	0	0	0	1	0	0	0	1	1	1
PIGB	0	1	0	0	0	0	0	0	1	1	1
PIGG	0	1	0	0	0	0	0	0	1	1	1
PIGO	1	0	0	0	0	0	0	0	1	1	1
PIK3C3	0	0	0	0	1	0	0	0	1	1	1
PIK3CA	0	0	0	0	0	1	0	0	1	1	1
PIK3CD	1	0	0	0	0	0	0	0	1	1	1
PIK3R2	0	0	0	0	1	0	0	0	1	1	1
PITPNC1	1	0	0	0	0	0	0	0	1	1	1
PITPNM1	0	0	0	0	1	0	0	0	1	1	1
PIWIL1	0	0	0	0	1	0	0	0	1	1	1
PKD1L1	0	0	0	0	0	0	1	0	1	1	1
PKD2L1	0	0	0	0	1	0	0	0	1	1	1
PKHD1	0	0	1	0	0	0	0	0	1	1	1
PKHD1L1	0	0	0	0	1	0	0	0	1	1	1
PKN1	1	0	0	0	0	0	0	0	1	1	1
PKNOX1	0	0	0	0	1	0	0	0	1	1	1
PKP1	0	0	0	0	1	0	0	0	1	1	1
PLA2G12B	0	0	0	0	1	0	0	0	1	1	1
PLA2G4E	0	0	0	0	0	0	1	0	1	1	1
PLA2G6	0	0	0	0	0	0	1	0	1	1	1
PLA2R1	0	1	0	0	0	0	0	0	1	1	1
PLCB4	0	0	0	0	1	0	0	0	1	1	1
PLCH2	0	0	0	0	1	0	0	0	1	1	1
PLCXD2	0	0	0	0	0	0	1	0	1	1	1
PLCXD3	0	0	0	0	1	0	0	0	1	1	1
PLCZ1	0	0	0	0	1	0	0	0	1	1	1
PLEC	0	1	0	0	0	0	0	0	1	1	1
PLEKHA2	0	0	0	0	0	0	1	0	1	1	1
PLEKHA3	1	0	0	0	0	0	0	0	1	1	1
PLEKHA5	0	0	0	0	1	0	0	0	1	1	1
PLEKHG6	0	0	0	0	1	0	0	0	1	1	1
PLK4	0	0	0	0	0	0	1	0	1	1	1
PLXNB3	0	0	0	0	1	0	0	0	1	1	1
PLXND1	0	0	0	0	0	0	1	0	1	1	1
PMFBP1	0	0	0	0	1	0	0	0	1	1	1
PMS1	0	0	1	0	0	0	0	0	1	1	1
PNLIP	0	0	0	0	1	0	0	0	1	1	1
PNMA2	0	0	0	0	1	0	0	0	1	1	1
PNMAL2	0	0	0	0	1	0	0	0	1	1	1
PNPLA1	0	0	0	0	0	0	1	0	1	1	1
POF1B	0	0	0	0	1	0	0	0	1	1	1
POGZ	1	0	0	0	0	0	0	0	1	1	1
POLD3	0	0	0	0	1	0	0	0	1	1	1
POLE	1	0	0	0	0	0	0	0	1	1	1
POLR1A	0	1	0	0	0	0	0	0	1	1	1
POLR2B	0	0	0	0	1	0	0	0	1	1	1
POLR3B	0	0	0	0	1	0	0	0	1	1	1
PORCN	0	0	0	0	0	0	1	0	1	1	1
POSTN	0	0	0	0	0	0	1	0	1	1	1
POT1	0	0	0	0	0	0	0	1	1	1	1
POU3F4	0	1	0	0	0	0	0	0	1	1	1
POU5F1B	0	0	0	0	1	0	0	0	1	1	1
PPAP2A	0	0	0	0	1	0	0	0	1	1	1
PPARA	1	0	0	0	0	0	0	0	1	1	1
PPARD	0	0	0	0	0	0	1	0	1	1	1
PPARGC1A	0	0	0	0	0	0	1	0	1	1	1
PPFIBP2	0	0	0	0	1	0	0	0	1	1	1
PPIA	1	0	0	0	0	0	0	0	1	1	1
PPIG	0	0	0	0	1	0	0	0	1	1	1
PPIP5K2	0	0	0	0	1	0	0	0	1	1	1
PPM1A	0	0	0	0	1	0	0	0	1	1	1
PPP1R13B	0	0	1	0	0	0	0	0	1	1	1
PPP1R14C	0	0	0	0	0	1	0	0	1	1	1
PPP1R16A	0	0	0	0	1	0	0	0	1	1	1
PPP2CA	1	0	0	0	0	0	0	0	1	1	1
PPP2R2B	0	0	0	0	1	0	0	0	1	1	1
PPP2R5B	0	0	0	0	1	0	0	0	1	1	1
PPP3CA	1	0	0	0	0	0	0	0	1	1	1
PRAG1	1	0	0	0	0	0	0	0	1	1	1
PRDM16	1	0	0	0	0	0	0	0	1	1	1
PRG3	0	1	0	0	0	0	0	0	1	1	1
PRH1	0	0	0	0	1	0	0	0	1	1	1
PRH2	0	0	0	0	1	0	0	0	1	1	1
PRIMPOL	1	0	0	0	0	0	0	0	1	1	1
PRKCH	0	0	0	0	1	0	0	0	1	1	1
PRKX	0	0	0	0	1	0	0	0	1	1	1
PRL	0	0	0	0	1	0	0	0	1	1	1
PRMT3	0	0	0	0	1	0	0	0	1	1	1
PROC	1	0	0	0	0	0	0	0	1	1	1
PROKR2	0	0	0	0	1	0	0	0	1	1	1
PRPF18	1	0	0	0	0	0	0	0	1	1	1
PRPF19	0	0	0	0	1	0	0	0	1	1	1
PRPF4	0	0	0	0	1	0	0	0	1	1	1
PRPF40A	0	0	0	0	1	0	0	0	1	1	1
PRPF4B	0	0	1	0	0	0	0	0	1	1	1
PRPF8	0	0	0	0	0	0	1	0	1	1	1
PRR5L	0	0	0	0	1	0	0	0	1	1	1
PRRC2A	0	0	1	0	0	0	0	0	1	1	1
PRRC2B	0	0	0	0	1	0	0	0	1	1	1
PRSS58	0	0	0	0	0	0	1	0	1	1	1
PSD	1	0	0	0	0	0	0	0	1	1	1
PSD3	0	0	1	0	0	0	0	0	1	1	1
PSG11	0	0	0	0	0	0	1	0	1	1	1
PSMA4	0	0	0	0	1	0	0	0	1	1	1
PSMB2	0	0	0	0	1	0	0	0	1	1	1
PSMC6	0	0	0	0	0	0	1	0	1	1	1
PSPC1	1	0	0	0	0	0	0	0	1	1	1
PTGIS	0	0	0	0	1	0	0	0	1	1	1
PTH1R	0	0	0	0	1	0	0	0	1	1	1
PTMS	0	0	1	0	0	0	0	0	1	1	1
PTPDC1	0	0	0	0	1	0	0	0	1	1	1
PTPLA	0	0	0	0	0	0	1	0	1	1	1
PTPN12	0	1	0	0	0	0	0	0	1	1	1
PTPN22	0	0	0	0	1	0	0	0	1	1	1
PTPN7	0	0	0	0	1	0	0	0	1	1	1
PTPRD	0	0	0	0	1	0	0	0	1	1	1
PTPRE	0	0	0	0	1	0	0	0	1	1	1
PTPRO	0	0	0	0	1	0	0	0	1	1	1
PTPRS	0	0	0	0	1	0	0	0	1	1	1
PTX3	0	0	0	0	0	0	1	0	1	1	1
PUM1	1	0	0	0	0	0	0	0	1	1	1
PUM2	1	0	0	0	0	0	0	0	1	1	1
PUS10	0	0	0	0	0	0	1	0	1	1	1
PUS7L	1	0	0	0	0	0	0	0	1	1	1
PVRL3	0	0	0	0	0	0	1	0	1	1	1
PYGM	0	0	0	0	1	0	0	0	1	1	1
QKI	0	0	0	0	0	0	1	0	1	1	1
QSOX2	0	0	0	0	0	0	1	0	1	1	1
R3HCC1L	1	0	0	0	0	0	0	0	1	1	1
RAB24	0	0	0	0	0	0	1	0	1	1	1
RAB25	0	0	0	0	1	0	0	0	1	1	1
RABEP1	0	0	0	0	0	0	1	0	1	1	1
RABGAP1	0	1	0	0	0	0	0	0	1	1	1
RAD21	0	0	1	0	0	0	0	0	1	1	1
RAD54B	0	0	0	0	1	0	0	0	1	1	1
RAD9B	0	0	0	0	1	0	0	0	1	1	1
RALBP1	0	0	0	0	1	0	0	0	1	1	1
RALGAPA2	0	0	0	0	1	0	0	0	1	1	1
RAMP2	0	0	0	0	0	0	1	0	1	1	1
RANBP6	0	0	0	0	1	0	0	0	1	1	1
RARS2	1	0	0	0	0	0	0	0	1	1	1
RASAL2	0	0	1	0	0	0	0	0	1	1	1
RASSF8	0	0	0	0	1	0	0	0	1	1	1
RBBP5	0	0	1	0	0	0	0	0	1	1	1
RBFOX1	0	0	0	0	0	0	1	0	1	1	1
RBKS	0	1	0	0	0	0	0	0	1	1	1
RBM11	0	0	0	0	1	0	0	0	1	1	1
RBM15	1	0	0	0	0	0	0	0	1	1	1
RBM4B	0	0	0	0	1	0	0	0	1	1	1
RBM5	0	0	0	0	1	0	0	0	1	1	1
RBMS2	1	0	0	0	0	0	0	0	1	1	1
RBPJ	0	0	0	0	1	0	0	0	1	1	1
RBPMS	0	0	0	0	1	0	0	0	1	1	1
RBPMS2	0	0	0	0	0	0	1	0	1	1	1
RC3H1	0	0	0	0	0	0	1	0	1	1	1
RDH16	0	0	0	0	1	0	0	0	1	1	1
RDX	0	0	0	0	1	0	0	0	1	1	1
RECQL4	1	0	0	0	0	0	0	0	1	1	1
REEP2	0	0	1	0	0	0	0	0	1	1	1
RELB	0	0	0	0	0	0	1	0	1	1	1
RERE	0	0	1	0	0	0	0	0	1	1	1
REV3L	1	0	0	0	0	0	0	0	1	1	1
RFC1	0	0	0	0	0	0	1	0	1	1	1
RFPL4B	0	1	0	0	0	0	0	0	1	1	1
RFT1	0	0	0	0	0	0	1	0	1	1	1
RFX6	0	0	0	0	1	0	0	0	1	1	1
RFXAP	0	0	0	0	0	0	1	0	1	1	1
RGP1	1	0	0	0	0	0	0	0	1	1	1
RGS2	1	0	0	0	0	0	0	0	1	1	1
RGS22	1	0	0	0	0	0	0	0	1	1	1
RGS6	0	0	0	0	0	1	0	0	1	1	1
RGS7BP	0	0	0	0	1	0	0	0	1	1	1
RHBDL3	0	0	0	0	1	0	0	0	1	1	1
RHNO1	0	0	0	0	1	0	0	0	1	1	1
RHOBTB3	0	0	0	0	1	0	0	0	1	1	1
RIMBP2	0	0	0	0	1	0	0	0	1	1	1
RLIM	1	0	0	0	0	0	0	0	1	1	1
RLTPR	1	0	0	0	0	0	0	0	1	1	1
RNASEH2C	0	0	1	0	0	0	0	0	1	1	1
RNF20	1	0	0	0	0	0	0	0	1	1	1
RNF212	0	0	0	0	1	0	0	0	1	1	1
RNF6	0	0	0	0	1	0	0	0	1	1	1
RNF8	0	1	0	0	0	0	0	0	1	1	1
RNLS	1	0	0	0	0	0	0	0	1	1	1
RNMT	0	0	0	0	1	0	0	0	1	1	1
ROBO1	1	0	0	0	0	0	0	0	1	1	1
ROCK1	0	0	0	1	0	0	0	0	1	1	1
ROS1	0	0	0	0	0	0	1	0	1	1	1
RP1	0	0	0	0	1	0	0	0	1	1	1
RP9	0	0	0	0	1	0	0	0	1	1	1
RPE65	0	0	0	0	0	0	1	0	1	1	1
RPGRIP1	0	0	0	0	1	0	0	0	1	1	1
RPL10A	0	0	0	0	1	0	0	0	1	1	1
RPL11	1	0	0	0	0	0	0	0	1	1	1
RPL19	0	0	1	0	0	0	0	0	1	1	1
RPL27	0	1	0	0	0	0	0	0	1	1	1
RPL3	0	0	1	0	0	0	0	0	1	1	1
RPL5	0	0	1	0	0	0	0	0	1	1	1
RPP30	0	0	0	0	0	0	1	0	1	1	1
RPRD1B	0	0	0	0	0	0	1	0	1	1	1
RPRD2	0	0	0	0	1	0	0	0	1	1	1
RPS6KA4	1	0	0	0	0	0	0	0	1	1	1
RRBP1	0	0	0	0	1	0	0	0	1	1	1
RRH	0	0	0	0	1	0	0	0	1	1	1
RRNAD1	0	0	0	0	1	0	0	0	1	1	1
RSPH3	0	1	0	0	0	0	0	0	1	1	1
RSPO2	0	0	1	0	0	0	0	0	1	1	1
RSRC1	0	0	0	0	1	0	0	0	1	1	1
RTKN	0	0	0	0	1	0	0	0	1	1	1
RUFY2	0	0	0	0	0	1	0	0	1	1	1
RUVBL2	0	0	0	0	0	0	1	0	1	1	1
RXFP1	1	0	0	0	0	0	0	0	1	1	1
RXFP3	0	0	0	0	1	0	0	0	1	1	1
RYBP	0	0	0	0	0	0	1	0	1	1	1
RYK	1	0	0	0	0	0	0	0	1	1	1
SAG	0	0	0	0	1	0	0	0	1	1	1
SAMD11	1	0	0	0	0	0	0	0	1	1	1
SAMD7	0	0	0	0	1	0	0	0	1	1	1
SAMD9	1	0	0	0	0	0	0	0	1	1	1
SAMD9L	0	0	0	0	1	0	0	0	1	1	1
SAMM50	1	0	0	0	0	0	0	0	1	1	1
SASH1	0	0	0	0	1	0	0	0	1	1	1
SATB1	0	0	0	0	0	0	0	1	1	1	1
SBF2	0	0	0	0	0	0	1	0	1	1	1
SBNO1	0	0	0	0	1	0	0	0	1	1	1
SBNO2	0	0	0	0	1	0	0	0	1	1	1
SCAF11	0	1	0	0	0	0	0	0	1	1	1
SCAF8	0	0	0	0	1	0	0	0	1	1	1
SCAMP1	0	0	0	0	0	0	1	0	1	1	1
SCD	0	0	0	0	1	0	0	0	1	1	1
SCN10A	0	0	0	0	0	0	1	0	1	1	1
SCN2A	1	0	0	0	0	0	0	0	1	1	1
SCN3A	0	0	0	0	0	0	1	0	1	1	1
SCN3B	0	0	0	0	0	0	1	0	1	1	1
SCN7A	0	0	0	0	1	0	0	0	1	1	1
SCNM1	0	0	0	0	1	0	0	0	1	1	1
SCP2	0	0	0	0	0	0	1	0	1	1	1
SCUBE3	1	0	0	0	0	0	0	0	1	1	1
SCYL1	0	0	0	0	1	0	0	0	1	1	1
SCYL2	0	0	0	0	1	0	0	0	1	1	1
SDAD1	1	0	0	0	0	0	0	0	1	1	1
SDC4	0	0	0	0	1	0	0	0	1	1	1
SDHA	0	0	0	0	1	0	0	0	1	1	1
SDHC	0	0	0	0	0	0	1	0	1	1	1
SEC16A	0	0	1	0	0	0	0	0	1	1	1
SECTM1	0	1	0	0	0	0	0	0	1	1	1
SELPLG	0	1	0	0	0	0	0	0	1	1	1
SEMA6A	1	0	0	0	0	0	0	0	1	1	1
SENP1	0	0	0	0	1	0	0	0	1	1	1
SENP5	1	0	0	0	0	0	0	0	1	1	1
SENP7	1	0	0	0	0	0	0	0	1	1	1
SEPT1	0	0	0	0	1	0	0	0	1	1	1
SEPT11	0	0	0	0	1	0	0	0	1	1	1
SEPT4	0	0	0	0	1	0	0	0	1	1	1
SERINC1	1	0	0	0	0	0	0	0	1	1	1
SERPINE2	0	0	0	0	0	0	1	0	1	1	1
SERPINI1	0	0	0	0	0	0	1	0	1	1	1
SETDB1	0	1	0	0	0	0	0	0	1	1	1
SEZ6L	0	0	0	0	1	0	0	0	1	1	1
SF1	1	0	0	0	0	0	0	0	1	1	1
SF3B4	0	0	0	0	0	0	1	0	1	1	1
SFXN1	0	0	0	0	1	0	0	0	1	1	1
SGIP1	0	1	0	0	0	0	0	0	1	1	1
SGK3	1	0	0	0	0	0	0	0	1	1	1
SGSM1	0	0	1	0	0	0	0	0	1	1	1
SGTA	0	0	0	0	0	0	1	0	1	1	1
SH2D3C	0	0	0	0	1	0	0	0	1	1	1
SH2D4A	0	0	0	0	0	0	1	0	1	1	1
SH3GL2	0	0	0	0	1	0	0	0	1	1	1
SHCBP1L	1	0	0	0	0	0	0	0	1	1	1
SHE	0	0	0	0	0	0	1	0	1	1	1
SHROOM3	0	0	0	0	1	0	0	0	1	1	1
SHROOM4	0	1	0	0	0	0	0	0	1	1	1
SI	0	0	0	0	1	0	0	0	1	1	1
SIAE	0	0	0	0	0	0	1	0	1	1	1
SIGLEC1	1	0	0	0	0	0	0	0	1	1	1
SIGLEC10	0	0	0	0	0	0	1	0	1	1	1
SIGLEC15	0	0	0	0	0	0	0	1	1	1	1
SIGLEC6	1	0	0	0	0	0	0	0	1	1	1
SIN3B	0	1	0	0	0	0	0	0	1	1	1
SIRT1	1	0	0	0	0	0	0	0	1	1	1
SIX1	0	1	0	0	0	0	0	0	1	1	1
SIX5	1	0	0	0	0	0	0	0	1	1	1
SKIV2L2	0	0	0	0	0	0	1	0	1	1	1
SLAIN2	0	0	0	0	1	0	0	0	1	1	1
SLC10A2	0	0	0	0	0	0	1	0	1	1	1
SLC12A4	0	0	1	0	0	0	0	0	1	1	1
SLC12A6	0	0	0	0	1	0	0	0	1	1	1
SLC12A8	0	0	0	0	1	0	0	0	1	1	1
SLC17A5	1	0	0	0	0	0	0	0	1	1	1
SLC17A6	0	0	0	0	1	0	0	0	1	1	1
SLC18A2	0	0	0	0	0	0	1	0	1	1	1
SLC19A3	0	0	0	0	1	0	0	0	1	1	1
SLC1A6	1	0	0	0	0	0	0	0	1	1	1
SLC20A1	1	0	0	0	0	0	0	0	1	1	1
SLC22A3	1	0	0	0	0	0	0	0	1	1	1
SLC25A25	0	1	0	0	0	0	0	0	1	1	1
SLC25A35	0	0	0	0	1	0	0	0	1	1	1
SLC25A44	0	0	0	0	1	0	0	0	1	1	1
SLC25A51	0	0	0	0	0	0	0	1	1	1	1
SLC26A2	1	0	0	0	0	0	0	0	1	1	1
SLC26A4	1	0	0	0	0	0	0	0	1	1	1
SLC26A8	0	0	0	0	1	0	0	0	1	1	1
SLC28A1	0	0	0	0	0	0	1	0	1	1	1
SLC28A2	0	0	0	0	0	0	1	0	1	1	1
SLC28A3	0	0	0	0	1	0	0	0	1	1	1
SLC30A4	1	0	0	0	0	0	0	0	1	1	1
SLC30A9	1	0	0	0	0	0	0	0	1	1	1
SLC35F3	0	0	0	0	1	0	0	0	1	1	1
SLC35G5	1	0	0	0	0	0	0	0	1	1	1
SLC36A2	0	0	0	0	0	0	1	0	1	1	1
SLC37A1	1	0	0	0	0	0	0	0	1	1	1
SLC3A1	0	0	0	0	1	0	0	0	1	1	1
SLC43A3	0	0	0	0	0	0	1	0	1	1	1
SLC46A3	0	1	0	0	0	0	0	0	1	1	1
SLC4A7	1	0	0	0	0	0	0	0	1	1	1
SLC6A12	0	0	0	0	0	0	1	0	1	1	1
SLC6A2	0	0	0	0	0	0	1	0	1	1	1
SLC7A10	0	0	0	0	1	0	0	0	1	1	1
SLC8A1	1	0	0	0	0	0	0	0	1	1	1
SLCO1C1	0	0	0	0	1	0	0	0	1	1	1
SLFN5	0	0	0	0	1	0	0	0	1	1	1
SLITRK1	0	0	0	0	1	0	0	0	1	1	1
SLITRK4	1	0	0	0	0	0	0	0	1	1	1
SMAD2	1	0	0	0	0	0	0	0	1	1	1
SMAD5	0	0	0	0	1	0	0	0	1	1	1
SMARCA2	1	0	0	0	0	0	0	0	1	1	1
SMARCAD1	0	1	0	0	0	0	0	0	1	1	1
SMC1B	0	0	0	0	1	0	0	0	1	1	1
SMC5	1	0	0	0	0	0	0	0	1	1	1
SMG7	1	0	0	0	0	0	0	0	1	1	1
SMOC1	0	0	0	0	0	0	1	0	1	1	1
SNAPC1	0	0	0	0	0	0	1	0	1	1	1
SNHG14	0	0	0	0	0	0	1	0	1	1	1
SNRNP200	0	0	0	0	1	0	0	0	1	1	1
SNRNP27	0	0	0	0	1	0	0	0	1	1	1
SNX19	0	0	0	0	1	0	0	0	1	1	1
SNX25	0	0	0	0	0	0	1	0	1	1	1
SOD2	1	0	0	0	0	0	0	0	1	1	1
SOGA3	0	0	0	0	1	0	0	0	1	1	1
SON	1	0	0	0	0	0	0	0	1	1	1
SORBS2	0	0	0	0	0	0	1	0	1	1	1
SORCS1	0	0	0	0	0	0	1	0	1	1	1
SORD	1	0	0	0	0	0	0	0	1	1	1
SOX9	0	1	0	0	0	0	0	0	1	1	1
SP1	0	0	0	0	1	0	0	0	1	1	1
SP3	0	0	0	0	0	0	1	0	1	1	1
SPAG17	0	0	0	0	1	0	0	0	1	1	1
SPAG5	0	0	0	0	1	0	0	0	1	1	1
SPATA19	0	0	0	0	1	0	0	0	1	1	1
SPATA31A6	0	0	0	0	1	0	0	0	1	1	1
SPATS1	0	1	0	0	0	0	0	0	1	1	1
SPHKAP	0	0	0	0	1	0	0	0	1	1	1
SPICE1	0	0	0	0	1	0	0	0	1	1	1
SPINK1	0	0	1	0	0	0	0	0	1	1	1
SPOCK3	0	0	0	0	0	0	1	0	1	1	1
SPRR2D	0	0	0	0	1	0	0	0	1	1	1
SPTA1	0	0	0	0	1	0	0	0	1	1	1
SPTBN1	0	0	0	0	1	0	0	0	1	1	1
SPTBN5	0	0	0	0	1	0	0	0	1	1	1
SRGAP1	1	0	0	0	0	0	0	0	1	1	1
SRI	0	0	0	0	1	0	0	0	1	1	1
SRP14	0	0	1	0	0	0	0	0	1	1	1
SRPK1	0	0	0	0	1	0	0	0	1	1	1
SRPX	1	0	0	0	0	0	0	0	1	1	1
SRRM2	0	0	1	0	0	0	0	0	1	1	1
SRSF1	0	1	0	0	0	0	0	0	1	1	1
SRSF2	0	0	1	0	0	0	0	0	1	1	1
SRSF3	0	1	0	0	0	0	0	0	1	1	1
SRSF4	0	0	0	0	1	0	0	0	1	1	1
SSB	1	0	0	0	0	0	0	0	1	1	1
SSPO	0	0	0	0	0	0	1	0	1	1	1
SSTR1	0	0	0	0	1	0	0	0	1	1	1
SSX7	0	0	0	0	1	0	0	0	1	1	1
ST8SIA1	0	0	0	0	1	0	0	0	1	1	1
ST8SIA4	0	1	0	0	0	0	0	0	1	1	1
STAG1	0	0	0	0	1	0	0	0	1	1	1
STARD13	1	0	0	0	0	0	0	0	1	1	1
STAT3	0	0	0	0	1	0	0	0	1	1	1
STAT4	0	0	0	0	1	0	0	0	1	1	1
STAT5B	0	0	0	0	0	0	1	0	1	1	1
STIL	0	0	0	0	1	0	0	0	1	1	1
STOX2	0	0	0	0	1	0	0	0	1	1	1
STRN4	0	0	0	0	1	0	0	0	1	1	1
SUCLA2	0	0	0	0	0	0	1	0	1	1	1
SULT1E1	0	0	0	0	0	0	1	0	1	1	1
SUMO2	1	0	0	0	0	0	0	0	1	1	1
SUN2	0	0	0	0	1	0	0	0	1	1	1
SURF6	0	0	0	0	1	0	0	0	1	1	1
SUSD2	0	0	0	0	1	0	0	0	1	1	1
SUV420H1	0	0	0	0	1	0	0	0	1	1	1
SUV420H2	1	0	0	0	0	0	0	0	1	1	1
SV2A	0	0	0	0	1	0	0	0	1	1	1
SV2B	1	0	0	0	0	0	0	0	1	1	1
SVEP1	0	0	0	0	1	0	0	0	1	1	1
SVOPL	0	0	0	0	0	0	1	0	1	1	1
SWI5	0	0	0	0	1	0	0	0	1	1	1
SYCP2	0	0	0	0	1	0	0	0	1	1	1
SYDE1	0	0	0	0	1	0	0	0	1	1	1
SYNCRIP	0	0	0	0	1	0	0	0	1	1	1
SYNE2	0	1	0	0	0	0	0	0	1	1	1
SYNRG	0	0	0	0	1	0	0	0	1	1	1
SYPL1	0	1	0	0	0	0	0	0	1	1	1
SYT9	0	0	0	0	1	0	0	0	1	1	1
TAF15	0	0	0	0	1	0	0	0	1	1	1
TAF1D	0	0	0	0	1	0	0	0	1	1	1
TANC2	0	0	0	0	1	0	0	0	1	1	1
TANGO6	0	0	0	0	1	0	0	0	1	1	1
TAS2R20	0	0	0	0	1	0	0	0	1	1	1
TATDN1	0	0	0	0	0	0	1	0	1	1	1
TBC1D13	1	0	0	0	0	0	0	0	1	1	1
TBC1D19	1	0	0	0	0	0	0	0	1	1	1
TBC1D26	1	0	0	0	0	0	0	0	1	1	1
TBC1D32	0	0	1	0	0	0	0	0	1	1	1
TBC1D3C	0	0	0	0	1	0	0	0	1	1	1
TBCD	0	1	0	0	0	0	0	0	1	1	1
TBX19	1	0	0	0	0	0	0	0	1	1	1
TBX3	1	0	0	0	0	0	0	0	1	1	1
TBX4	0	1	0	0	0	0	0	0	1	1	1
TCEAL8	0	0	0	0	1	0	0	0	1	1	1
TCEB2	0	0	0	0	0	0	1	0	1	1	1
TCERG1	0	1	0	0	0	0	0	0	1	1	1
TCF7L2	1	0	0	0	0	0	0	0	1	1	1
TCHP	0	0	0	0	0	0	1	0	1	1	1
TCP10	0	1	0	0	0	0	0	0	1	1	1
TDRD9	0	0	0	0	0	0	1	0	1	1	1
TELO2	0	0	0	0	1	0	0	0	1	1	1
TENM2	0	0	0	0	1	0	0	0	1	1	1
TET1	0	1	0	0	0	0	0	0	1	1	1
TEX10	0	1	0	0	0	0	0	0	1	1	1
TEX26	0	0	0	0	1	0	0	0	1	1	1
TEX33	1	0	0	0	0	0	0	0	1	1	1
TFAP2C	1	0	0	0	0	0	0	0	1	1	1
TFDP1	0	0	0	0	1	0	0	0	1	1	1
TGFBI	1	0	0	0	0	0	0	0	1	1	1
TGFBRAP1	0	0	0	0	1	0	0	0	1	1	1
THADA	1	0	0	0	0	0	0	0	1	1	1
THOC5	0	0	0	0	0	0	1	0	1	1	1
THOC7	0	0	0	0	1	0	0	0	1	1	1
THRAP3	1	0	0	0	0	0	0	0	1	1	1
TIE1	1	0	0	0	0	0	0	0	1	1	1
TIMM13	0	0	0	0	0	0	1	0	1	1	1
TIMM22	0	0	0	0	1	0	0	0	1	1	1
TJP2	0	0	0	0	1	0	0	0	1	1	1
TJP3	0	0	0	0	1	0	0	0	1	1	1
TLDC1	1	0	0	0	0	0	0	0	1	1	1
TLE3	0	0	0	0	0	0	1	0	1	1	1
TLE4	0	1	0	0	0	0	0	0	1	1	1
TLK1	0	0	0	0	0	0	1	0	1	1	1
TLK2	0	0	0	0	0	0	1	0	1	1	1
TLN1	0	0	0	0	1	0	0	0	1	1	1
TLR8	1	0	0	0	0	0	0	0	1	1	1
TMCC2	1	0	0	0	0	0	0	0	1	1	1
TMCO4	1	0	0	0	0	0	0	0	1	1	1
TMED10	0	0	0	0	0	0	1	0	1	1	1
TMED8	1	0	0	0	0	0	0	0	1	1	1
TMED9	0	0	0	0	1	0	0	0	1	1	1
TMEM100	1	0	0	0	0	0	0	0	1	1	1
TMEM108	1	0	0	0	0	0	0	0	1	1	1
TMEM131	1	0	0	0	0	0	0	0	1	1	1
TMEM132D	1	0	0	0	0	0	0	0	1	1	1
TMEM179B	0	0	1	0	0	0	0	0	1	1	1
TMEM184C	1	0	0	0	0	0	0	0	1	1	1
TMEM211	0	0	0	0	1	0	0	0	1	1	1
TMEM237	0	1	0	0	0	0	0	0	1	1	1
TMEM260	0	0	0	0	0	0	1	0	1	1	1
TMEM45A	0	0	0	0	0	0	1	0	1	1	1
TMEM45B	0	0	0	0	1	0	0	0	1	1	1
TMPRSS11F	1	0	0	0	0	0	0	0	1	1	1
TNC	0	0	0	0	1	0	0	0	1	1	1
TNFRSF10B	0	0	0	0	1	0	0	0	1	1	1
TNFRSF11A	1	0	0	0	0	0	0	0	1	1	1
TNFRSF18	1	0	0	0	0	0	0	0	1	1	1
TNFRSF21	0	0	0	0	1	0	0	0	1	1	1
TNFRSF4	1	0	0	0	0	0	0	0	1	1	1
TNIP3	0	0	0	0	0	0	1	0	1	1	1
TNK2	0	1	0	0	0	0	0	0	1	1	1
TNN	0	0	0	0	1	0	0	0	1	1	1
TONSL	0	0	0	0	1	0	0	0	1	1	1
TOPORS	1	0	0	0	0	0	0	0	1	1	1
TOR1AIP1	0	0	0	0	1	0	0	0	1	1	1
TP63	0	0	0	0	1	0	0	0	1	1	1
TPCN2	0	0	0	0	1	0	0	0	1	1	1
TPD52L1	1	0	0	0	0	0	0	0	1	1	1
TPP1	0	1	0	0	0	0	0	0	1	1	1
TPR	1	0	0	0	0	0	0	0	1	1	1
TPTE	0	1	0	0	0	0	0	0	1	1	1
TPX2	0	0	0	0	1	0	0	0	1	1	1
TRA2A	0	0	0	0	0	0	1	0	1	1	1
TRAF3IP2	0	0	0	0	1	0	0	0	1	1	1
TRAF6	0	0	0	0	1	0	0	0	1	1	1
TRAK2	0	0	0	0	1	0	0	0	1	1	1
TRANK1	0	0	0	0	1	0	0	0	1	1	1
TRAPPC11	0	0	0	0	1	0	0	0	1	1	1
TRAV25	0	0	0	0	1	0	0	0	1	1	1
TRDV1	0	1	0	0	0	0	0	0	1	1	1
TRIM35	1	0	0	0	0	0	0	0	1	1	1
TRIM37	1	0	0	0	0	0	0	0	1	1	1
TRIM48	0	0	0	0	1	0	0	0	1	1	1
TRIM49C	0	0	0	0	1	0	0	0	1	1	1
TRIM5	0	0	0	0	1	0	0	0	1	1	1
TRIP10	0	1	0	0	0	0	0	0	1	1	1
TRMT44	0	0	0	0	0	0	1	0	1	1	1
TRMT6	0	0	0	0	0	0	0	1	1	1	1
TRNT1	0	0	0	0	1	0	0	0	1	1	1
TROVE2	0	0	0	0	0	0	0	1	1	1	1
TRPM6	0	0	0	0	1	0	0	0	1	1	1
TSC2	0	0	0	0	0	0	1	0	1	1	1
TSGA10	0	0	0	0	1	0	0	0	1	1	1
TSGA13	0	0	0	0	1	0	0	0	1	1	1
TSN	0	0	0	0	0	0	1	0	1	1	1
TSPAN4	0	0	0	0	0	0	1	0	1	1	1
TSPAN7	1	0	0	0	0	0	0	0	1	1	1
TSTA3	0	0	0	0	0	0	1	0	1	1	1
TSTD2	0	1	0	0	0	0	0	0	1	1	1
TTC14	0	1	0	0	0	0	0	0	1	1	1
TTC30B	0	0	0	0	1	0	0	0	1	1	1
TTC39C	0	0	0	0	1	0	0	0	1	1	1
TTF1	0	0	0	0	1	0	0	0	1	1	1
TTL	0	0	0	0	1	0	0	0	1	1	1
TTLL6	0	1	0	0	0	0	0	0	1	1	1
TTLL7	0	0	0	0	1	0	0	0	1	1	1
TUBA3E	1	0	0	0	0	0	0	0	1	1	1
TUBGCP4	0	0	0	0	1	0	0	0	1	1	1
TUBGCP5	0	0	0	0	1	0	0	0	1	1	1
TUFM	0	0	0	0	1	0	0	0	1	1	1
TULP4	0	0	1	0	0	0	0	0	1	1	1
TUSC1	0	0	0	0	1	0	0	0	1	1	1
TXNDC11	0	0	1	0	0	0	0	0	1	1	1
TXNDC15	0	0	0	0	1	0	0	0	1	1	1
TYK2	0	0	0	0	1	0	0	0	1	1	1
TYW3	0	0	1	0	0	0	0	0	1	1	1
UBE2O	0	0	0	0	0	0	1	0	1	1	1
UBE2U	0	0	0	0	0	0	1	0	1	1	1
UBLCP1	1	0	0	0	0	0	0	0	1	1	1
UBQLN4	0	1	0	0	0	0	0	0	1	1	1
UBR4	0	0	0	0	1	0	0	0	1	1	1
UBXN2B	0	0	0	0	1	0	0	0	1	1	1
UBXN7	0	0	0	0	1	0	0	0	1	1	1
UCP3	1	0	0	0	0	0	0	0	1	1	1
UFD1L	0	0	0	0	0	0	1	0	1	1	1
UGT1A4	0	0	1	0	0	0	0	0	1	1	1
UGT1A8	0	0	0	0	1	0	0	0	1	1	1
UGT3A2	0	0	0	0	1	0	0	0	1	1	1
UHRF1BP1	0	0	0	0	0	0	1	0	1	1	1
UHRF1BP1L	0	0	0	0	1	0	0	0	1	1	1
ULBP1	0	0	0	0	1	0	0	0	1	1	1
ULK1	1	0	0	0	0	0	0	0	1	1	1
UMODL1	1	0	0	0	0	0	0	0	1	1	1
UNC80	0	0	0	0	1	0	0	0	1	1	1
UPF2	0	1	0	0	0	0	0	0	1	1	1
UPK3B	0	0	1	0	0	0	0	0	1	1	1
USF2	0	0	0	0	1	0	0	0	1	1	1
USH1C	1	0	0	0	0	0	0	0	1	1	1
USP15	0	1	0	0	0	0	0	0	1	1	1
USP26	1	0	0	0	0	0	0	0	1	1	1
USP31	1	0	0	0	0	0	0	0	1	1	1
USP33	0	1	0	0	0	0	0	0	1	1	1
USP36	0	0	0	0	0	0	1	0	1	1	1
USP6	0	0	0	0	1	0	0	0	1	1	1
USP7	0	0	0	0	1	0	0	0	1	1	1
USP9X	0	0	0	0	1	0	0	0	1	1	1
USPL1	0	1	0	0	0	0	0	0	1	1	1
UTP15	1	0	0	0	0	0	0	0	1	1	1
UTP18	0	0	0	0	0	0	1	0	1	1	1
UTP20	1	0	0	0	0	0	0	0	1	1	1
UTP3	0	0	1	0	0	0	0	0	1	1	1
UVSSA	0	0	0	0	1	0	0	0	1	1	1
VAMP1	0	1	0	0	0	0	0	0	1	1	1
VAPA	1	0	0	0	0	0	0	0	1	1	1
VARS2	0	0	1	0	0	0	0	0	1	1	1
VAV3	0	0	0	0	0	0	1	0	1	1	1
VCL	0	0	0	0	1	0	0	0	1	1	1
VCPIP1	0	1	0	0	0	0	0	0	1	1	1
VEGFA	0	0	0	0	1	0	0	0	1	1	1
VHL	0	0	0	0	0	0	1	0	1	1	1
VIPAS39	0	0	0	0	1	0	0	0	1	1	1
VLDLR	1	0	0	0	0	0	0	0	1	1	1
VPS13B	1	0	0	0	0	0	0	0	1	1	1
VPS13C	0	0	1	0	0	0	0	0	1	1	1
VPS26B	1	0	0	0	0	0	0	0	1	1	1
VPS54	1	0	0	0	0	0	0	0	1	1	1
VRTN	1	0	0	0	0	0	0	0	1	1	1
VTCN1	0	0	0	0	1	0	0	0	1	1	1
VWC2	0	0	0	0	1	0	0	0	1	1	1
WARS	0	0	0	0	0	0	1	0	1	1	1
WASF2	1	0	0	0	0	0	0	0	1	1	1
WBP4	1	0	0	0	0	0	0	0	1	1	1
WDFY3	0	0	0	0	1	0	0	0	1	1	1
WDR12	0	0	0	0	1	0	0	0	1	1	1
WDR18	0	0	0	0	1	0	0	0	1	1	1
WDR19	1	0	0	0	0	0	0	0	1	1	1
WDR48	1	0	0	0	0	0	0	0	1	1	1
WDR49	0	0	0	0	1	0	0	0	1	1	1
WDR60	1	0	0	0	0	0	0	0	1	1	1
WDR70	0	0	0	0	1	0	0	0	1	1	1
WDR78	0	0	0	0	1	0	0	0	1	1	1
WDR81	1	0	0	0	0	0	0	0	1	1	1
WDR91	0	0	0	0	1	0	0	0	1	1	1
WDR96	0	0	0	0	1	0	0	0	1	1	1
WNK1	1	0	0	0	0	0	0	0	1	1	1
WSCD1	1	0	0	0	0	0	0	0	1	1	1
WT1	0	0	0	0	1	0	0	0	1	1	1
WWC3	0	0	0	0	0	0	1	0	1	1	1
XPA	0	0	0	0	1	0	0	0	1	1	1
XPNPEP1	0	0	0	0	0	0	1	0	1	1	1
XPO4	0	0	0	0	1	0	0	0	1	1	1
XPO7	0	0	0	0	0	0	1	0	1	1	1
XRCC2	0	0	0	0	0	0	1	0	1	1	1
XRCC6	0	1	0	0	0	0	0	0	1	1	1
XYLB	0	0	0	0	0	0	1	0	1	1	1
YES1	0	0	0	0	0	0	0	1	1	1	1
YLPM1	1	0	0	0	0	0	0	0	1	1	1
YME1L1	0	0	0	0	1	0	0	0	1	1	1
YTHDC1	1	0	0	0	0	0	0	0	1	1	1
YTHDC2	0	0	0	0	1	0	0	0	1	1	1
YWHAB	0	0	0	0	1	0	0	0	1	1	1
YY1	0	0	0	0	0	0	0	1	1	1	1
ZAN	1	0	0	0	0	0	0	0	1	1	1
ZBTB11	0	0	0	0	1	0	0	0	1	1	1
ZBTB2	0	0	0	0	1	0	0	0	1	1	1
ZBTB34	0	0	0	0	1	0	0	0	1	1	1
ZBTB9	0	0	0	0	1	0	0	0	1	1	1
ZC3H18	0	0	0	0	1	0	0	0	1	1	1
ZCCHC11	0	0	0	0	0	0	1	0	1	1	1
ZDHHC14	1	0	0	0	0	0	0	0	1	1	1
ZDHHC20	0	0	1	0	0	0	0	0	1	1	1
ZDHHC24	1	0	0	0	0	0	0	0	1	1	1
ZDHHC5	1	0	0	0	0	0	0	0	1	1	1
ZFAND1	0	0	0	0	1	0	0	0	1	1	1
ZFAND4	0	0	0	0	0	0	1	0	1	1	1
ZFHX4	0	0	0	0	1	0	0	0	1	1	1
ZFP28	0	0	0	0	0	0	1	0	1	1	1
ZFP36L1	1	0	0	0	0	0	0	0	1	1	1
ZFP36L2	0	1	0	0	0	0	0	0	1	1	1
ZFP37	0	1	0	0	0	0	0	0	1	1	1
ZIC1	0	0	0	0	1	0	0	0	1	1	1
ZIC4	0	1	0	0	0	0	0	0	1	1	1
ZKSCAN5	1	0	0	0	0	0	0	0	1	1	1
ZMIZ1	1	0	0	0	0	0	0	0	1	1	1
ZMYM4	1	0	0	0	0	0	0	0	1	1	1
ZMYND11	1	0	0	0	0	0	0	0	1	1	1
ZNF106	0	0	0	0	1	0	0	0	1	1	1
ZNF140	0	0	0	0	0	1	0	0	1	1	1
ZNF141	0	0	0	0	1	0	0	0	1	1	1
ZNF142	0	0	0	0	1	0	0	0	1	1	1
ZNF143	0	0	0	0	1	0	0	0	1	1	1
ZNF146	0	0	0	0	1	0	0	0	1	1	1
ZNF157	0	0	0	0	1	0	0	0	1	1	1
ZNF16	0	0	0	0	1	0	0	0	1	1	1
ZNF175	1	0	0	0	0	0	0	0	1	1	1
ZNF20	0	0	0	0	1	0	0	0	1	1	1
ZNF202	0	0	0	0	1	0	0	0	1	1	1
ZNF208	0	0	0	0	1	0	0	0	1	1	1
ZNF226	1	0	0	0	0	0	0	0	1	1	1
ZNF236	0	0	0	0	1	0	0	0	1	1	1
ZNF263	0	0	0	0	1	0	0	0	1	1	1
ZNF264	0	0	1	0	0	0	0	0	1	1	1
ZNF267	1	0	0	0	0	0	0	0	1	1	1
ZNF276	0	0	1	0	0	0	0	0	1	1	1
ZNF28	1	0	0	0	0	0	0	0	1	1	1
ZNF280C	1	0	0	0	0	0	0	0	1	1	1
ZNF286B	0	0	0	0	1	0	0	0	1	1	1
ZNF287	0	0	1	0	0	0	0	0	1	1	1
ZNF30	1	0	0	0	0	0	0	0	1	1	1
ZNF324	1	0	0	0	0	0	0	0	1	1	1
ZNF326	0	1	0	0	0	0	0	0	1	1	1
ZNF333	1	0	0	0	0	0	0	0	1	1	1
ZNF337	0	1	0	0	0	0	0	0	1	1	1
ZNF341	0	0	0	0	1	0	0	0	1	1	1
ZNF385D	1	0	0	0	0	0	0	0	1	1	1
ZNF407	1	0	0	0	0	0	0	0	1	1	1
ZNF41	1	0	0	0	0	0	0	0	1	1	1
ZNF418	0	0	0	0	1	0	0	0	1	1	1
ZNF419	0	0	0	0	1	0	0	0	1	1	1
ZNF420	0	0	0	0	0	0	0	1	1	1	1
ZNF431	0	1	0	0	0	0	0	0	1	1	1
ZNF439	1	0	0	0	0	0	0	0	1	1	1
ZNF44	1	0	0	0	0	0	0	0	1	1	1
ZNF454	1	0	0	0	0	0	0	0	1	1	1
ZNF485	0	0	0	0	0	0	1	0	1	1	1
ZNF512	0	0	0	0	1	0	0	0	1	1	1
ZNF518B	0	1	0	0	0	0	0	0	1	1	1
ZNF567	1	0	0	0	0	0	0	0	1	1	1
ZNF585B	0	1	0	0	0	0	0	0	1	1	1
ZNF587	0	0	0	0	1	0	0	0	1	1	1
ZNF597	0	0	0	0	0	0	1	0	1	1	1
ZNF609	1	0	0	0	0	0	0	0	1	1	1
ZNF615	1	0	0	0	0	0	0	0	1	1	1
ZNF616	1	0	0	0	0	0	0	0	1	1	1
ZNF622	0	0	0	0	1	0	0	0	1	1	1
ZNF638	1	0	0	0	0	0	0	0	1	1	1
ZNF648	0	0	0	0	1	0	0	0	1	1	1
ZNF660	0	0	0	0	1	0	0	0	1	1	1
ZNF662	0	0	0	0	1	0	0	0	1	1	1
ZNF665	0	0	0	0	1	0	0	0	1	1	1
ZNF670	1	0	0	0	0	0	0	0	1	1	1
ZNF678	0	0	0	0	1	0	0	0	1	1	1
ZNF679	0	0	0	0	1	0	0	0	1	1	1
ZNF7	0	1	0	0	0	0	0	0	1	1	1
ZNF708	1	0	0	0	0	0	0	0	1	1	1
ZNF778	0	0	0	0	1	0	0	0	1	1	1
ZNF782	0	0	0	0	1	0	0	0	1	1	1
ZNF804A	0	0	0	0	1	0	0	0	1	1	1
ZNF839	1	0	0	0	0	0	0	0	1	1	1
ZNF845	0	0	0	0	1	0	0	0	1	1	1
ZNF878	1	0	0	0	0	0	0	0	1	1	1
ZNF91	0	0	0	0	1	0	0	0	1	1	1
ZNFX1	1	0	0	0	0	0	0	0	1	1	1
ZNRF3	0	0	0	0	0	0	1	0	1	1	1
ZNRF4	0	0	0	0	1	0	0	0	1	1	1
ZP2	0	0	0	0	1	0	0	0	1	1	1
ZP4	0	0	0	0	0	0	1	0	1	1	1
ZRANB1	1	0	0	0	0	0	0	0	1	1	1
ZRSR2	0	0	0	0	0	0	1	0	1	1	1
ZSCAN10	1	0	0	0	0	0	0	0	1	1	1
ZSCAN16	0	0	0	0	1	0	0	0	1	1	1
ZSCAN29	0	0	0	0	1	0	0	0	1	1	1
ZSCAN30	0	0	0	0	1	0	0	0	1	1	1
ZSWIM8	1	0	0	0	0	0	0	0	1	1	1
ZYG11B	0	0	0	0	1	0	0	0	1	1	1
ZZEF1	0	0	0	0	1	0	0	0	1	1	1
